Nests	0.00876194	0.991242
Sum: 1
Highi: 25
Highj: 38
i	j	orig	Compatible	Incompatible	Denovo
1	2	0	0	0	0
1	3	0	0	0	0
1	4	0	0	0	0
1	5	0	0	0	0
1	6	0	0	0	0
1	7	1.07739e-09	1.0995e-08	9.89726e-10	0
1	8	1.82808e-10	4.46871e-10	1.80474e-10	0
1	9	9.57518e-09	4.40897e-08	9.27009e-09	9.24713e-09
1	10	0	0	0	0
1	11	0	0	0	0
1	12	0	0	0	0
1	13	0	0	0	0
1	14	0	0	0	0
1	15	0	0	0	0
1	16	0	0	0	0
1	17	0	0	0	0
1	18	0	0	0	0
1	19	0	0	0	0
1	20	0.000238491	0.00020041	0.000238828	0.000238828
1	21	0.000319362	0.000250163	0.000319974	0.000319974
1	22	0.030559	0.0225531	0.0306297	0.0306297
1	23	0	0	0	0
1	24	0	0	0	0
1	25	0	0	0	0
1	26	0	0	0	0
1	27	0	0	0	0
1	28	0	0	0	0
1	29	0.00594514	0	0.00599769	0.00599766
1	30	0	0	0	0
1	31	0	0	0	0
1	32	0	0	0	0
1	33	0	0	0	0
1	34	0	0	0	0
1	35	0	0	0	0
1	36	0	0	0	0
1	37	0	0	0	0
1	38	0	0	0	0
1	39	0	0	0	0
1	40	0	0	0	0
1	41	0	0	0	0
1	42	0	0	0	0
1	43	4.13897e-05	0.00472377	2.82065e-10	0
1	44	8.12466e-06	0.000927262	3.66671e-11	0
1	45	3.1856e-07	3.63569e-05	2.63787e-12	0
1	46	6.70202e-06	0.000764873	2.46909e-10	0
1	47	0.000896063	0.102251	1.44056e-07	3.51526e-07
1	48	0	0	0	0
1	49	0	0	0	0
1	50	0	0	0	0
1	51	0	0	0	0
1	52	0	0	0	0
1	53	0	0	0	0
1	54	0	0	0	0
1	55	2.80891e-10	2.00504e-09	2.6565e-10	0
1	56	7.48701e-09	1.89914e-07	5.87446e-09	5.53022e-09
1	57	0	0	0	0
1	58	0	0	0	0
1	59	0	0	0	0
1	60	0	0	0	0
1	61	0	0	0	0
1	62	0	0	0	0
1	63	0	0	0	0
1	64	0	0	0	0
1	65	0	0	0	0
1	66	1.69294e-08	1.99949e-07	1.53117e-08	1.5305e-08
1	67	1.13602e-05	4.46884e-05	1.10656e-05	1.1065e-05
1	68	0	0	0	0
1	69	0	0	0	0
1	70	0	0	0	0
1	71	0	0	0	0
1	72	0	0	0	0
1	73	0	0	0	0
1	74	0	0	0	0
1	75	0	0	0	0
1	76	0	0	0	0
1	77	0	0	0	0
1	78	0	0	0	0
1	79	0	0	0	0
1	80	0	0	0	0
1	81	0	0	0	0
1	82	0	0	0	0
1	83	0	0	0	0
1	84	0	0	0	0
1	85	0	0	0	0
1	86	0	0	0	0
1	87	0	0	0	0
1	88	0	0	0	0
1	89	0	0	0	0
2	3	0	0	0	0
2	4	0	0	0	0
2	5	0	0	0	0
2	6	1.96489e-09	2.18643e-08	1.78899e-09	8.37634e-10
2	7	2.08657e-10	1.14163e-09	2.0041e-10	0
2	8	8.84214e-09	4.01157e-08	8.5657e-09	8.5508e-09
2	9	0	0	0	0
2	10	0	0	0	0
2	11	0	0	0	0
2	12	0	0	0	0
2	13	4.35291e-11	7.18241e-10	3.7565e-11	0
2	14	0	0	0	0
2	15	0	0	0	0
2	16	0	0	0	0
2	17	0	0	0	0
2	18	0	0	0	0
2	19	0.000228912	0.000192656	0.000229232	0.000229232
2	20	0.000116156	9.3305e-05	0.000116358	0.000116358
2	21	0.0361647	0.0271598	0.0362443	0.0362442
2	22	0	0	0	0
2	23	0	0	0	0
2	24	0.0078834	0.000980448	0.00794442	0.00794443
2	25	0	0	0	0
2	26	7.2719e-05	0	7.33618e-05	7.33615e-05
2	27	0	0	0	0
2	28	0.0110224	0	0.0111198	0.0111198
2	29	0	0	0	0
2	30	0	0	0	0
2	31	0	0	0	0
2	32	0	0	0	0
2	33	0	0	0	0
2	34	0	0	0	0
2	35	0	0	0	0
2	36	1.877e-11	0	1.8936e-11	0
2	37	0	0	0	0
2	38	3.53187e-08	2.78974e-06	1.09713e-08	2.40514e-08
2	39	0	0	0	0
2	40	0	0	0	0
2	41	0	0	0	0
2	42	4.163e-05	0.00475119	2.8437e-10	0
2	43	1.292e-05	0.00147455	5.7698e-11	0
2	44	6.73227e-07	7.68349e-05	4.07064e-12	0
2	45	6.21926e-06	0.000709792	1.00606e-10	0
2	46	0.000894778	0.102111	9.08781e-08	2.97821e-07
2	47	0	0	0	0
2	48	0	0	0	0
2	49	0	0	0	0
2	50	0	0	0	0
2	51	0	0	0	0
2	52	0	0	0	0
2	53	0	0	0	0
2	54	2.8436e-10	1.19997e-09	2.76266e-10	0
2	55	7.49582e-09	1.88801e-07	5.89319e-09	5.55217e-09
2	56	0	0	0	0
2	57	0	0	0	0
2	58	0	0	0	0
2	59	0	0	0	0
2	60	5.03182e-12	2.04935e-10	3.2648e-12	0
2	61	0	0	0	0
2	62	0	0	0	0
2	63	0	0	0	0
2	64	0	0	0	0
2	65	6.9025e-09	1.52223e-07	5.61796e-09	5.61172e-09
2	66	6.6891e-06	4.05888e-05	6.38945e-06	6.38889e-06
2	67	0	0	0	0
2	68	0	0	0	0
2	69	0	0	0	0
2	70	0	0	0	0
2	71	0	0	0	0
2	72	0	0	0	0
2	73	0	0	0	0
2	74	0	0	0	0
2	75	0	0	0	0
2	76	0	0	0	0
2	77	0.0194228	0.0423799	0.0192199	0.01922
2	78	0	0	0	0
2	79	0	0	0	0
2	80	0.0206113	0.0335987	0.0204965	0.0204966
2	81	0	0	0	0
2	82	0	0	0	0
2	83	0.02173	0.0336079	0.0216251	0.0216251
2	84	0	0	0	0
2	85	0	0	0	0
2	86	0.0228537	0.0336174	0.0227586	0.0227587
2	87	0	0	0	0
2	88	0	0	0	0
2	89	0.00174598	0.00244861	0.00173977	0.00173978
3	4	0	0	0	0
3	5	0	0	0	0
3	6	0	0	0	0
3	7	0	0	0	0
3	8	0	0	0	0
3	9	0	0	0	0
3	10	7.60597e-09	3.41715e-08	7.37115e-09	7.31671e-09
3	11	0	0	0	0
3	12	1.78346e-10	1.00382e-09	1.71049e-10	0
3	13	0	0	0	0
3	14	2.06384e-09	5.10909e-09	2.03692e-09	2.03689e-09
3	15	0	0	0	0
3	16	0	0	0	0
3	17	0	0	0	0
3	18	0.000219151	0.000184442	0.000219458	0.000219458
3	19	0	0	0	0
3	20	0	0	0	0
3	21	0	0	0	0
3	22	0	0	0	0
3	23	0.00767898	0.00210953	0.00772821	0.00772821
3	24	0	0	0	0
3	25	0.000176763	3.10134e-07	0.000178323	0.000178324
3	26	0	0	0	0
3	27	0.0110182	0	0.0111156	0.0111155
3	28	0	0	0	0
3	29	0	0	0	0
3	30	6.73265e-10	0	6.79216e-10	0
3	31	0	0	0	0
3	32	0	0	0	0
3	33	0	0	0	0
3	34	0	0	0	0
3	35	3.22632e-13	0	3.25483e-13	0
3	36	0	0	0	0
3	37	1.08833e-08	0	1.09795e-08	1.08212e-08
3	38	0	0	0	0
3	39	7.89894e-09	9.01399e-07	9.39359e-13	0
3	40	0	0	0	0
3	41	2.58955e-05	0.00295542	2.24224e-10	0
3	42	0	0	0	0
3	43	0	0	0	0
3	44	0	0	0	0
3	45	0	0	0	0
3	46	0	0	0	0
3	47	0	0	0	0
3	48	1.39077e-07	1.0821e-05	4.46551e-08	4.44018e-08
3	49	0	0	0	0
3	50	0	0	0	0
3	51	0	0	0	0
3	52	0	0	0	0
3	53	2.06151e-10	6.718e-10	2.02035e-10	0
3	54	0	0	0	0
3	55	0	0	0	0
3	56	0	0	0	0
3	57	2.18459e-12	6.59468e-11	1.62097e-12	0
3	58	0	0	0	0
3	59	3.29636e-13	1.35198e-11	2.13043e-13	0
3	60	0	0	0	0
3	61	9.15413e-13	4.00526e-11	5.69464e-13	0
3	62	0	0	0	0
3	63	0	0	0	0
3	64	1.52398e-09	5.11255e-08	1.08554e-09	1.08024e-09
3	65	0	0	0	0
3	66	0	0	0	0
3	67	0	0	0	0
3	68	1.02632e-05	1.05594e-05	1.02606e-05	1.02606e-05
3	69	0	0	0	0
3	70	0	0	0	0
3	71	0	0	0	0
3	72	0	0	0	0
3	73	0	0	0	0
3	74	0	0	0	0
3	75	0	0	0	0
3	76	0.010633	0.0271522	0.010487	0.010487
3	77	0	0	0	0
3	78	0.000166362	0.000296816	0.000165209	0.00016521
3	79	0.0111644	0.0184847	0.0110997	0.0110998
3	80	0	0	0	0
3	81	0.000176596	0.000292952	0.000175568	0.000175568
3	82	0.0117731	0.0184904	0.0117137	0.0117137
3	83	0	0	0	0
3	84	0.000185141	0.000291511	0.000184201	0.000184201
3	85	0.0123856	0.0184954	0.0123316	0.0123316
3	86	0	0	0	0
3	87	0.000136481	0.000204478	0.00013588	0.000135881
3	88	0.000986409	0.00140395	0.000982718	0.000982721
3	89	0	0	0	0
4	5	0	0	0	0
4	6	0	0	0	0
4	7	0	0	0	0
4	8	0	0	0	0
4	9	1.27885e-08	5.28715e-08	1.24342e-08	1.23702e-08
4	10	0	0	0	0
4	11	0	0	0	0
4	12	0	0	0	0
4	13	4.36258e-09	1.1664e-08	4.29804e-09	4.29801e-09
4	14	0	0	0	0
4	15	0	0	0	0
4	16	0	0	0	0
4	17	0	0	0	0
4	18	0	0	0	0
4	19	0	0	0	0
4	20	0.992706	0.990963	0.992722	0.992722
4	21	0.000454688	0.000398622	0.000455183	0.000455183
4	22	0.000213186	6.71803e-05	0.000214476	0.000214476
4	23	0	0	0	0
4	24	1.93949e-06	1.44615e-07	1.95535e-06	1.95535e-06
4	25	0	0	0	0
4	26	0.000262021	0	0.000264337	0.000264336
4	27	0	0	0	0
4	28	0	0	0	0
4	29	1.39931e-08	0	1.41168e-08	1.40038e-08
4	30	0	0	0	0
4	31	0	0	0	0
4	32	0	0	0	0
4	33	0	0	0	0
4	34	0	0	0	0
4	35	0	0	0	0
4	36	2.45328e-09	0	2.47496e-09	2.35868e-09
4	37	0	0	0	0
4	38	1.23141e-10	1.3932e-08	1.07874e-12	0
4	39	0	0	0	0
4	40	0	0	0	0
4	41	0	0	0	0
4	42	0	0	0	0
4	43	2.25303e-07	2.57133e-05	5.04134e-12	0
4	44	1.69609e-07	1.93333e-05	2.13341e-10	0
4	45	5.18236e-09	5.91433e-07	2.57752e-13	0
4	46	6.90534e-09	7.88005e-07	8.95652e-13	0
4	47	9.51201e-08	1.08013e-05	4.8442e-10	0
4	48	0	0	0	0
4	49	0	0	0	0
4	50	0	0	0	0
4	51	0	0	0	0
4	52	0	0	0	0
4	53	0	0	0	0
4	54	0	0	0	0
4	55	1.53392e-13	4.2819e-12	1.16898e-13	0
4	56	2.74488e-12	7.81195e-11	2.07862e-12	0
4	57	0	0	0	0
4	58	0	0	0	0
4	59	0	0	0	0
4	60	2.68179e-14	8.991e-13	1.91074e-14	0
4	61	0	0	0	0
4	62	0	0	0	0
4	63	0	0	0	0
4	64	0	0	0	0
4	65	0	0	0	0
4	66	5.59374e-11	3.62662e-10	5.32261e-11	0
4	67	1.01468e-07	1.33178e-07	1.01188e-07	1.01164e-07
4	68	0	0	0	0
4	69	0	0	0	0
4	70	0	0	0	0
4	71	0	0	0	0
4	72	0	0	0	0
4	73	0	0	0	0
4	74	0	0	0	0
4	75	0	0	0	0
4	76	0	0	0	0
4	77	0.000144136	0.000261467	0.000143099	0.000143099
4	78	0	0	0	0
4	79	0	0	0	0
4	80	0.000153465	0.000255801	0.00015256	0.000152561
4	81	0	0	0	0
4	82	0	0	0	0
4	83	0.000160394	0.000253886	0.000159568	0.000159568
4	84	0	0	0	0
4	85	0	0	0	0
4	86	0.000100064	0.000150769	9.96161e-05	9.96163e-05
4	87	0	0	0	0
4	88	0	0	0	0
4	89	0	0	0	0
5	6	0	0	0	0
5	7	0	0	0	0
5	8	0	0	0	0
5	9	0	0	0	0
5	10	0	0	0	0
5	11	0	0	0	0
5	12	0	0	0	0
5	13	2.26783e-07	1.18738e-06	2.18292e-07	2.18289e-07
5	14	0	0	0	0
5	15	0	0	0	0
5	16	0	0	0	0
5	17	0	0	0	0
5	18	0	0	0	0
5	19	0.999411	0.999457	0.99941	0.99941
5	20	0.000312204	0.000276506	0.000312519	0.000312519
5	21	1.77191e-06	5.80213e-07	1.78245e-06	1.78245e-06
5	22	0	0	0	0
5	23	0	0	0	0
5	24	0	0	0	0
5	25	0	0	0	0
5	26	8.42756e-08	0	8.50205e-08	8.50201e-08
5	27	0	0	0	0
5	28	1.19851e-08	0	1.2091e-08	1.2037e-08
5	29	0	0	0	0
5	30	0	0	0	0
5	31	0	0	0	0
5	32	0	0	0	0
5	33	0	0	0	0
5	34	0	0	0	0
5	35	0	0	0	0
5	36	2.36874e-12	0	2.38968e-12	0
5	37	0	0	0	0
5	38	2.93099e-12	4.92389e-11	2.52166e-12	0
5	39	0	0	0	0
5	40	0	0	0	0
5	41	0	0	0	0
5	42	1.45316e-09	1.65452e-07	3.5109e-12	0
5	43	1.11519e-07	1.27022e-05	2.25668e-10	0
5	44	1.09845e-10	1.25286e-08	7.11839e-14	0
5	45	5.47229e-11	6.24073e-09	4.23016e-14	0
5	46	4.56891e-08	5.21041e-06	3.61157e-11	0
5	47	0	0	0	0
5	48	0	0	0	0
5	49	0	0	0	0
5	50	0	0	0	0
5	51	0	0	0	0
5	52	0	0	0	0
5	53	0	0	0	0
5	54	1.43064e-14	8.532e-13	6.89112e-15	0
5	55	2.21668e-12	5.95238e-11	1.71012e-12	0
5	56	0	0	0	0
5	57	0	0	0	0
5	58	0	0	0	0
5	59	0	0	0	0
5	60	3.41585e-13	2.74444e-12	3.20345e-13	0
5	61	0	0	0	0
5	62	0	0	0	0
5	63	0	0	0	0
5	64	0	0	0	0
5	65	8.66494e-13	2.61286e-12	8.51057e-13	0
5	66	9.29024e-09	1.65328e-08	9.22622e-09	9.20709e-09
5	67	0	0	0	0
5	68	0	0	0	0
5	69	0	0	0	0
5	70	0	0	0	0
5	71	0	0	0	0
5	72	0	0	0	0
5	73	0	0	0	0
5	74	0	0	0	0
5	75	0	0	0	0
5	76	0	0	0	0
5	77	0	0	0	0
5	78	0	0	0	0
5	79	0	0	0	0
5	80	0	0	0	0
5	81	0	0	0	0
5	82	0	0	0	0
5	83	0	0	0	0
5	84	0	0	0	0
5	85	0	0	0	0
5	86	0	0	0	0
5	87	0	0	0	0
5	88	0	0	0	0
5	89	0	0	0	0
6	7	0	0	0	0
6	8	0	0	0	0
6	9	0	0	0	0
6	10	0	0	0	0
6	11	0	0	0	0
6	12	2.62081e-07	1.24095e-06	2.53428e-07	2.53423e-07
6	13	0	0	0	0
6	14	0	0	0	0
6	15	0.000215108	0.000181067	0.000215409	0.000215408
6	16	0	0	0	0
6	17	0	0	0	0
6	18	0.999748	0.999782	0.999748	0.999748
6	19	0	0	0	0
6	20	0	0	0	0
6	21	0	0	0	0
6	22	0	0	0	0
6	23	0	0	0	0
6	24	0	0	0	0
6	25	1.19444e-07	6.6095e-12	1.205e-07	1.20499e-07
6	26	0	0	0	0
6	27	0	0	0	0
6	28	0	0	0	0
6	29	0	0	0	0
6	30	0	0	0	0
6	31	1.15785e-14	0	1.16808e-14	0
6	32	0	0	0	0
6	33	0	0	0	0
6	34	2.64927e-09	0	2.67269e-09	2.54481e-09
6	35	2.23209e-12	0	2.25182e-12	0
6	36	0	0	0	0
6	37	2.37379e-12	0	2.39477e-12	0
6	38	0	0	0	0
6	39	0	0	0	0
6	40	0	0	0	0
6	41	0	0	0	0
6	42	0	0	0	0
6	43	0	0	0	0
6	44	0	0	0	0
6	45	0	0	0	0
6	46	0	0	0	0
6	47	0	0	0	0
6	48	0	0	0	0
6	49	0	0	0	0
6	50	0	0	0	0
6	51	9.36483e-09	1.06516e-06	3.2268e-11	0
6	52	6.47068e-13	5.68778e-11	1.50022e-13	0
6	53	0	0	0	0
6	54	0	0	0	0
6	55	0	0	0	0
6	56	0	0	0	0
6	57	0	0	0	0
6	58	0	0	0	0
6	59	3.54611e-13	2.84771e-12	3.32574e-13	0
6	60	0	0	0	0
6	61	0	0	0	0
6	62	2.66225e-13	1.69772e-12	2.53572e-13	0
6	63	4.75078e-14	2.68263e-13	4.55564e-14	0
6	64	0	0	0	0
6	65	0	0	0	0
6	66	0	0	0	0
6	67	0	0	0	0
6	68	0	0	0	0
6	69	0	0	0	0
6	70	0	0	0	0
6	71	0	0	0	0
6	72	0	0	0	0
6	73	1.21609e-06	3.60532e-06	1.19497e-06	1.19354e-06
6	74	0	0	0	0
6	75	0	0	0	0
6	76	0	0	0	0
6	77	0	0	0	0
6	78	0	0	0	0
6	79	0	0	0	0
6	80	0	0	0	0
6	81	0	0	0	0
6	82	0	0	0	0
6	83	0	0	0	0
6	84	0	0	0	0
6	85	0	0	0	0
6	86	0	0	0	0
6	87	0	0	0	0
6	88	0	0	0	0
6	89	0	0	0	0
7	8	0	0	0	0
7	9	0	0	0	0
7	10	0	0	0	0
7	11	2.15616e-07	1.00997e-06	2.08594e-07	2.08591e-07
7	12	0	0	0	0
7	13	0	0	0	0
7	14	0.000208266	0.000175319	0.000208557	0.000208557
7	15	7.42563e-08	7.25187e-08	7.42717e-08	7.42717e-08
7	16	5.90702e-06	5.90427e-06	5.90704e-06	5.90704e-06
7	17	0.998633	0.998667	0.998633	0.998633
7	18	5.53631e-08	5.58458e-08	5.53588e-08	5.53588e-08
7	19	0	0	0	0
7	20	0	0	0	0
7	21	0	0	0	0
7	22	0	0	0	0
7	23	0	0	0	0
7	24	0	0	0	0
7	25	0	0	0	0
7	26	0	0	0	0
7	27	0	0	0	0
7	28	0	0	0	0
7	29	0	0	0	0
7	30	8.15283e-15	0	8.2249e-15	0
7	31	4.00033e-15	0	4.03569e-15	0
7	32	3.02547e-11	0	3.05222e-11	0
7	33	2.62125e-09	0	2.64442e-09	2.54278e-09
7	34	1.37214e-12	0	1.38427e-12	0
7	35	1.26607e-14	0	1.27726e-14	0
7	36	0	0	0	0
7	37	0	0	0	0
7	38	0	0	0	0
7	39	0	0	0	0
7	40	3.63091e-12	4.09016e-10	4.75495e-14	0
7	41	1.55984e-09	1.54734e-07	2.05866e-10	0
7	42	0	0	0	0
7	43	0	0	0	0
7	44	0	0	0	0
7	45	0	0	0	0
7	46	0	0	0	0
7	47	0	0	0	0
7	48	0	0	0	0
7	49	6.6204e-11	6.39252e-09	1.02831e-11	0
7	50	1.82724e-08	2.07847e-06	6.1514e-11	0
7	51	5.29245e-13	4.00644e-11	1.79778e-13	0
7	52	1.42283e-15	7.77196e-14	7.48414e-16	0
7	53	9.08237e-14	6.19333e-12	3.68813e-14	0
7	54	0	0	0	0
7	55	0	0	0	0
7	56	0	0	0	0
7	57	0	0	0	0
7	58	2.07596e-13	1.88483e-12	1.9277e-13	0
7	59	1.10605e-13	7.18613e-13	1.0523e-13	0
7	60	0	0	0	0
7	61	2.06815e-13	1.30668e-12	1.97092e-13	0
7	62	4.20628e-14	2.33167e-13	4.03736e-14	0
7	63	1.00498e-15	2.94506e-15	9.87831e-16	0
7	64	9.46547e-12	3.31646e-12	9.51983e-12	0
7	65	0	0	0	0
7	66	0	0	0	0
7	67	0	0	0	0
7	68	0	0	0	0
7	69	1.24458e-10	3.77507e-10	1.22221e-10	0
7	70	5.6376e-10	1.47641e-09	5.55693e-10	0
7	71	2.68059e-09	6.98961e-09	2.6425e-09	2.64104e-09
7	72	1.13828e-06	2.96777e-06	1.12211e-06	1.12151e-06
7	73	3.98231e-10	1.16173e-09	3.91482e-10	0
7	74	1.27426e-08	2.94649e-08	1.25948e-08	1.25768e-08
7	75	1.54444e-07	4.2734e-07	1.52031e-07	1.51927e-07
7	76	9.75772e-10	2.8649e-09	9.59073e-10	0
7	77	0	0	0	0
7	78	0	0	0	0
7	79	5.82266e-10	2.04324e-09	5.69352e-10	0
7	80	0	0	0	0
7	81	0	0	0	0
7	82	5.21777e-10	2.64792e-09	5.02984e-10	0
7	83	0	0	0	0
7	84	0	0	0	0
7	85	1.3939e-10	6.69434e-10	1.34705e-10	0
7	86	0	0	0	0
7	87	0	0	0	0
7	88	9.77441e-11	4.5729e-10	9.4566e-11	0
7	89	0	0	0	0
8	9	0	0	0	0
8	10	0	0	0	0
8	11	0	0	0	0
8	12	0	0	0	0
8	13	0	0	0	0
8	14	3.89373e-07	3.77967e-07	3.89474e-07	3.89474e-07
8	15	8.8914e-06	8.88913e-06	8.89142e-06	8.89142e-06
8	16	0.999003	0.999036	0.999003	0.999003
8	17	1.51056e-06	1.51073e-06	1.51056e-06	1.51056e-06
8	18	0	0	0	0
8	19	0	0	0	0
8	20	0	0	0	0
8	21	0	0	0	0
8	22	0	0	0	0
8	23	0	0	0	0
8	24	0	0	0	0
8	25	0	0	0	0
8	26	0	0	0	0
8	27	0	0	0	0
8	28	0	0	0	0
8	29	0	0	0	0
8	30	7.42469e-15	0	7.49031e-15	0
8	31	5.97283e-11	0	6.02563e-11	0
8	32	2.59553e-09	0	2.61847e-09	2.544e-09
8	33	5.51048e-13	0	5.55919e-13	0
8	34	3.47192e-15	0	3.50261e-15	0
8	35	1.55488e-14	0	1.56863e-14	0
8	36	0	0	0	0
8	37	0	0	0	0
8	38	0	0	0	0
8	39	9.7943e-13	1.07662e-10	3.64166e-14	0
8	40	1.66639e-09	1.64816e-07	2.24253e-10	0
8	41	0	0	0	0
8	42	0	0	0	0
8	43	0	0	0	0
8	44	0	0	0	0
8	45	0	0	0	0
8	46	0	0	0	0
8	47	0	0	0	0
8	48	9.4895e-12	9.78306e-10	9.25747e-13	0
8	49	5.16962e-08	5.88406e-06	1.41633e-10	0
8	50	1.51533e-11	9.22133e-10	7.13613e-12	0
8	51	1.25651e-14	2.51507e-13	1.0453e-14	0
8	52	1.23575e-13	8.43906e-12	5.00712e-14	0
8	53	4.03276e-14	3.45224e-12	1.01684e-14	0
8	54	0	0	0	0
8	55	0	0	0	0
8	56	0	0	0	0
8	57	5.67198e-14	8.19759e-13	4.9975e-14	0
8	58	4.99292e-13	3.24381e-12	4.75032e-13	0
8	59	0	0	0	0
8	60	0	0	0	0
8	61	1.56355e-14	6.83726e-14	1.51693e-14	0
8	62	6.7712e-16	1.51873e-15	6.6968e-16	0
8	63	9.66563e-12	3.30851e-12	9.72182e-12	0
8	64	3.71091e-13	3.22588e-13	3.71519e-13	0
8	65	0	0	0	0
8	66	0	0	0	0
8	67	0	0	0	0
8	68	5.54799e-11	1.37199e-10	5.47575e-11	0
8	69	1.49767e-09	3.34986e-09	1.4813e-09	9.77523e-10
8	70	4.33542e-09	8.34749e-09	4.29995e-09	4.29779e-09
8	71	9.51663e-07	1.83256e-06	9.43877e-07	9.43475e-07
8	72	8.62915e-10	1.6617e-09	8.55854e-10	0
8	73	1.11516e-08	2.09106e-08	1.10653e-08	1.10606e-08
8	74	1.78984e-07	4.94576e-07	1.76195e-07	1.75865e-07
8	75	8.1734e-10	1.88334e-09	8.07917e-10	0
8	76	0	0	0	0
8	77	0	0	0	0
8	78	5.64272e-10	1.63791e-09	5.54782e-10	0
8	79	0	0	0	0
8	80	0	0	0	0
8	81	5.23734e-10	2.43353e-09	5.06853e-10	0
8	82	0	0	0	0
8	83	0	0	0	0
8	84	1.56122e-10	6.86174e-10	1.51437e-10	0
8	85	0	0	0	0
8	86	0	0	0	0
8	87	1.09307e-10	4.67847e-10	1.06137e-10	0
8	88	0	0	0	0
8	89	0	0	0	0
9	10	0	0	0	0
9	11	0	0	0	0
9	12	0	0	0	0
9	13	0	0	0	0
9	14	0	0	0	0
9	15	0.999295	0.999328	0.999294	0.999295
9	16	0	0	0	0
9	17	0	0	0	0
9	18	0	0	0	0
9	19	0	0	0	0
9	20	0	0	0	0
9	21	0	0	0	0
9	22	0	0	0	0
9	23	0	0	0	0
9	24	0	0	0	0
9	25	1.80069e-08	4.20878e-11	1.81657e-08	1.80909e-08
9	26	0	0	0	0
9	27	0	0	0	0
9	28	0	0	0	0
9	29	0	0	0	0
9	30	3.57996e-10	0	3.6116e-10	0
9	31	2.53797e-09	0	2.56041e-09	2.54554e-09
9	32	0	0	0	0
9	33	0	0	0	0
9	34	1.92117e-14	0	1.93815e-14	0
9	35	0	0	0	0
9	36	0	0	0	0
9	37	9.49813e-15	0	9.58209e-15	0
9	38	0	0	0	0
9	39	1.56668e-09	1.53425e-07	2.24342e-10	0
9	40	0	0	0	0
9	41	0	0	0	0
9	42	0	0	0	0
9	43	0	0	0	0
9	44	0	0	0	0
9	45	0	0	0	0
9	46	0	0	0	0
9	47	0	0	0	0
9	48	5.68302e-08	6.4705e-06	1.37246e-10	0
9	49	0	0	0	0
9	50	0	0	0	0
9	51	2.22913e-12	1.53577e-10	8.91301e-13	0
9	52	7.60337e-14	6.5286e-12	1.8997e-14	0
9	53	0	0	0	0
9	54	0	0	0	0
9	55	0	0	0	0
9	56	0	0	0	0
9	57	6.63019e-13	4.30713e-12	6.30808e-13	0
9	58	0	0	0	0
9	59	0	0	0	0
9	60	0	0	0	0
9	61	0	0	0	0
9	62	9.67048e-12	3.25713e-12	9.72717e-12	0
9	63	3.7653e-13	3.17154e-13	3.77055e-13	0
9	64	0	0	0	0
9	65	0	0	0	0
9	66	0	0	0	0
9	67	0	0	0	0
9	68	0	0	0	0
9	69	0	0	0	0
9	70	0	0	0	0
9	71	0	0	0	0
9	72	0	0	0	0
9	73	1.80114e-07	4.98562e-07	1.77299e-07	1.7671e-07
9	74	0	0	0	0
9	75	0	0	0	0
9	76	0	0	0	0
9	77	0	0	0	0
9	78	0	0	0	0
9	79	0	0	0	0
9	80	0	0	0	0
9	81	0	0	0	0
9	82	0	0	0	0
9	83	0	0	0	0
9	84	0	0	0	0
9	85	0	0	0	0
9	86	0	0	0	0
9	87	0	0	0	0
9	88	0	0	0	0
9	89	0	0	0	0
10	11	0	0	0	0
10	12	0	0	0	0
10	13	0	0	0	0
10	14	0	0	0	0
10	15	0	0	0	0
10	16	0	0	0	0
10	17	0	0	0	0
10	18	0	0	0	0
10	19	0	0	0	0
10	20	0	0	0	0
10	21	0	0	0	0
10	22	7.51841e-07	8.12964e-07	7.513e-07	7.49046e-07
10	23	0	0	0	0
10	24	1.02477e-08	1.3924e-10	1.03371e-08	1.02956e-08
10	25	0	0	0	0
10	26	0	0	0	0
10	27	0	0	0	0
10	28	0	0	0	0
10	29	2.11193e-09	0	2.1306e-09	1.76372e-09
10	30	0	0	0	0
10	31	0	0	0	0
10	32	0	0	0	0
10	33	0	0	0	0
10	34	0	0	0	0
10	35	0	0	0	0
10	36	2.66572e-15	0	2.68928e-15	0
10	37	0	0	0	0
10	38	6.87172e-10	5.71018e-08	1.88501e-10	0
10	39	0	0	0	0
10	40	0	0	0	0
10	41	0	0	0	0
10	42	0	0	0	0
10	43	4.1963e-11	3.45387e-09	1.18039e-11	0
10	44	0	0	0	0
10	45	8.56724e-11	7.35077e-09	2.14534e-11	0
10	46	4.70208e-10	5.17257e-08	1.71399e-11	0
10	47	5.63653e-08	6.42658e-06	5.64774e-11	0
10	48	0	0	0	0
10	49	0	0	0	0
10	50	0	0	0	0
10	51	0	0	0	0
10	52	0	0	0	0
10	53	0	0	0	0
10	54	0	0	0	0
10	55	4.7762e-14	5.65581e-13	4.31848e-14	0
10	56	6.50274e-13	4.10798e-12	6.1971e-13	0
10	57	0	0	0	0
10	58	0	0	0	0
10	59	0	0	0	0
10	60	0	0	0	0
10	61	0	0	0	0
10	62	0	0	0	0
10	63	0	0	0	0
10	64	0	0	0	0
10	65	0	0	0	0
10	66	3.08401e-13	6.61933e-13	3.05276e-13	0
10	67	0	0	0	0
10	68	0	0	0	0
10	69	0	0	0	0
10	70	0	0	0	0
10	71	0	0	0	0
10	72	0	0	0	0
10	73	0	0	0	0
10	74	0	0	0	0
10	75	0	0	0	0
10	76	0	0	0	0
10	77	0	0	0	0
10	78	0	0	0	0
10	79	0	0	0	0
10	80	0	0	0	0
10	81	0	0	0	0
10	82	0	0	0	0
10	83	0	0	0	0
10	84	0	0	0	0
10	85	0	0	0	0
10	86	0	0	0	0
10	87	0	0	0	0
10	88	0	0	0	0
10	89	0	0	0	0
11	12	0	0	0	0
11	13	0	0	0	0
11	14	0	0	0	0
11	15	0	0	0	0
11	16	0	0	0	0
11	17	0	0	0	0
11	18	0	0	0	0
11	19	0	0	0	0
11	20	0	0	0	0
11	21	7.98195e-07	8.56692e-07	7.97678e-07	7.95308e-07
11	22	4.46364e-09	5.53493e-09	4.45417e-09	4.44125e-09
11	23	0	0	0	0
11	24	0	0	0	0
11	25	0	0	0	0
11	26	0	0	0	0
11	27	0	0	0	0
11	28	0	0	0	0
11	29	0	0	0	0
11	30	0	0	0	0
11	31	0	0	0	0
11	32	0	0	0	0
11	33	0	0	0	0
11	34	0	0	0	0
11	35	0	0	0	0
11	36	0	0	0	0
11	37	0	0	0	0
11	38	0	0	0	0
11	39	0	0	0	0
11	40	0	0	0	0
11	41	0	0	0	0
11	42	3.76644e-11	2.96768e-09	1.17649e-11	0
11	43	0	0	0	0
11	44	1.5551e-10	1.33242e-08	3.91072e-11	0
11	45	7.70724e-10	8.51965e-08	2.44516e-11	0
11	46	0	0	0	0
11	47	0	0	0	0
11	48	0	0	0	0
11	49	0	0	0	0
11	50	0	0	0	0
11	51	0	0	0	0
11	52	0	0	0	0
11	53	0	0	0	0
11	54	4.87086e-14	6.10004e-13	4.3747e-14	0
11	55	0	0	0	0
11	56	0	0	0	0
11	57	0	0	0	0
11	58	0	0	0	0
11	59	0	0	0	0
11	60	0	0	0	0
11	61	0	0	0	0
11	62	0	0	0	0
11	63	0	0	0	0
11	64	0	0	0	0
11	65	1.94803e-13	4.08569e-13	1.92913e-13	0
11	66	0	0	0	0
11	67	0	0	0	0
11	68	0	0	0	0
11	69	0	0	0	0
11	70	0	0	0	0
11	71	0	0	0	0
11	72	0	0	0	0
11	73	0	0	0	0
11	74	0	0	0	0
11	75	0	0	0	0
11	76	0	0	0	0
11	77	0	0	0	0
11	78	0	0	0	0
11	79	0	0	0	0
11	80	0	0	0	0
11	81	0	0	0	0
11	82	0	0	0	0
11	83	0	0	0	0
11	84	0	0	0	0
11	85	0	0	0	0
11	86	0	0	0	0
11	87	0	0	0	0
11	88	0	0	0	0
11	89	0	0	0	0
12	13	0	0	0	0
12	14	0	0	0	0
12	15	0	0	0	0
12	16	0	0	0	0
12	17	0	0	0	0
12	18	0	0	0	0
12	19	3.21611e-07	3.94807e-07	3.20964e-07	3.20105e-07
12	20	6.02938e-07	6.49478e-07	6.02527e-07	6.00737e-07
12	21	3.5139e-09	4.61922e-09	3.50413e-09	3.49389e-09
12	22	0	0	0	0
12	23	0	0	0	0
12	24	1.10999e-07	6.14098e-08	1.11437e-07	1.11072e-07
12	25	0	0	0	0
12	26	5.09517e-10	0	5.1402e-10	0
12	27	0	0	0	0
12	28	2.20098e-07	0	2.22044e-07	2.20916e-07
12	29	0	0	0	0
12	30	0	0	0	0
12	31	0	0	0	0
12	32	0	0	0	0
12	33	0	0	0	0
12	34	0	0	0	0
12	35	0	0	0	0
12	36	3.4771e-12	0	3.50783e-12	0
12	37	0	0	0	0
12	38	2.79209e-11	6.53899e-12	2.81099e-11	0
12	39	0	0	0	0
12	40	0	0	0	0
12	41	0	0	0	0
12	42	3.75706e-12	2.42651e-10	1.64538e-12	0
12	43	1.8608e-10	1.59144e-08	4.7051e-11	0
12	44	3.22735e-10	3.54605e-08	1.21379e-11	0
12	45	0	0	0	0
12	46	0	0	0	0
12	47	0	0	0	0
12	48	0	0	0	0
12	49	0	0	0	0
12	50	0	0	0	0
12	51	0	0	0	0
12	52	0	0	0	0
12	53	0	0	0	0
12	54	1.8954e-13	9.93586e-14	1.90337e-13	0
12	55	0	0	0	0
12	56	0	0	0	0
12	57	0	0	0	0
12	58	0	0	0	0
12	59	0	0	0	0
12	60	6.47878e-14	4.52861e-14	6.49602e-14	0
12	61	0	0	0	0
12	62	0	0	0	0
12	63	0	0	0	0
12	64	0	0	0	0
12	65	2.34222e-15	9.85077e-15	2.27585e-15	0
12	66	0	0	0	0
12	67	0	0	0	0
12	68	0	0	0	0
12	69	0	0	0	0
12	70	0	0	0	0
12	71	0	0	0	0
12	72	0	0	0	0
12	73	0	0	0	0
12	74	0	0	0	0
12	75	0	0	0	0
12	76	0	0	0	0
12	77	2.49043e-09	4.69549e-08	2.09739e-09	2.01834e-09
12	78	0	0	0	0
12	79	0	0	0	0
12	80	2.31899e-09	3.70163e-08	2.01229e-09	1.97118e-09
12	81	0	0	0	0
12	82	0	0	0	0
12	83	2.01658e-09	3.41837e-08	1.73225e-09	1.70868e-09
12	84	0	0	0	0
12	85	0	0	0	0
12	86	1.96903e-09	3.3577e-08	1.68964e-09	1.67926e-09
12	87	0	0	0	0
12	88	0	0	0	0
12	89	2.07551e-10	3.12383e-09	1.81772e-10	0
13	14	0	0	0	0
13	15	0	0	0	0
13	16	0	0	0	0
13	17	0	0	0	0
13	18	4.88533e-07	5.71915e-07	4.87796e-07	4.86436e-07
13	19	0	0	0	0
13	20	0	0	0	0
13	21	0	0	0	0
13	22	0	0	0	0
13	23	1.22895e-07	1.01414e-07	1.23085e-07	1.22647e-07
13	24	0	0	0	0
13	25	2.57204e-09	3.7489e-10	2.59146e-09	2.21281e-09
13	26	0	0	0	0
13	27	2.26366e-07	0	2.28367e-07	2.27219e-07
13	28	0	0	0	0
13	29	0	0	0	0
13	30	0	0	0	0
13	31	0	0	0	0
13	32	0	0	0	0
13	33	0	0	0	0
13	34	0	0	0	0
13	35	1.59237e-12	0	1.60644e-12	0
13	36	0	0	0	0
13	37	3.72326e-11	0	3.75617e-11	0
13	38	0	0	0	0
13	39	0	0	0	0
13	40	0	0	0	0
13	41	7.98502e-12	4.85115e-10	3.76748e-12	0
13	42	0	0	0	0
13	43	0	0	0	0
13	44	0	0	0	0
13	45	0	0	0	0
13	46	0	0	0	0
13	47	0	0	0	0
13	48	0	0	0	0
13	49	0	0	0	0
13	50	0	0	0	0
13	51	0	0	0	0
13	52	0	0	0	0
13	53	2.00424e-13	9.50395e-14	2.01355e-13	0
13	54	0	0	0	0
13	55	0	0	0	0
13	56	0	0	0	0
13	57	0	0	0	0
13	58	0	0	0	0
13	59	3.56319e-14	1.51405e-14	3.58131e-14	0
13	60	0	0	0	0
13	61	1.14472e-14	6.88082e-15	1.14876e-14	0
13	62	0	0	0	0
13	63	0	0	0	0
13	64	8.62431e-16	6.95657e-15	8.08562e-16	0
13	65	0	0	0	0
13	66	0	0	0	0
13	67	0	0	0	0
13	68	0	0	0	0
13	69	0	0	0	0
13	70	0	0	0	0
13	71	0	0	0	0
13	72	0	0	0	0
13	73	0	0	0	0
13	74	0	0	0	0
13	75	0	0	0	0
13	76	2.23634e-09	4.58798e-08	1.85056e-09	1.78074e-09
13	77	0	0	0	0
13	78	0	0	0	0
13	79	2.093e-09	3.61202e-08	1.79222e-09	1.75557e-09
13	80	0	0	0	0
13	81	0	0	0	0
13	82	1.80756e-09	3.33596e-08	1.52866e-09	1.50783e-09
13	83	0	0	0	0
13	84	0	0	0	0
13	85	1.75903e-09	3.2768e-08	1.48493e-09	1.47579e-09
13	86	0	0	0	0
13	87	0	0	0	0
13	88	1.91202e-10	3.13496e-09	1.65181e-10	0
13	89	0	0	0	0
14	15	0	0	0	0
14	16	0	0	0	0
14	17	0	0	0	0
14	18	0	0	0	0
14	19	0	0	0	0
14	20	0	0	0	0
14	21	7.32494e-08	1.22151e-07	7.28171e-08	7.24724e-08
14	22	1.11811e-07	9.68403e-08	1.11943e-07	1.11539e-07
14	23	0	0	0	0
14	24	3.02293e-09	6.84462e-10	3.0436e-09	2.66627e-09
14	25	0	0	0	0
14	26	2.16752e-07	0	2.18668e-07	2.1757e-07
14	27	0	0	0	0
14	28	0	0	0	0
14	29	0	0	0	0
14	30	0	0	0	0
14	31	0	0	0	0
14	32	0	0	0	0
14	33	0	0	0	0
14	34	0	0	0	0
14	35	0	0	0	0
14	36	1.25013e-11	0	1.26118e-11	0
14	37	0	0	0	0
14	38	0	0	0	0
14	39	0	0	0	0
14	40	0	0	0	0
14	41	0	0	0	0
14	42	0	0	0	0
14	43	0	0	0	0
14	44	1.39094e-09	1.57601e-07	1.01377e-11	0
14	45	5.99695e-12	6.81325e-10	2.74549e-14	0
14	46	0	0	0	0
14	47	0	0	0	0
14	48	0	0	0	0
14	49	0	0	0	0
14	50	0	0	0	0
14	51	0	0	0	0
14	52	0	0	0	0
14	53	0	0	0	0
14	54	0	0	0	0
14	55	0	0	0	0
14	56	0	0	0	0
14	57	0	0	0	0
14	58	0	0	0	0
14	59	0	0	0	0
14	60	1.19148e-14	6.36559e-15	1.19639e-14	0
14	61	0	0	0	0
14	62	0	0	0	0
14	63	0	0	0	0
14	64	0	0	0	0
14	65	0	0	0	0
14	66	0	0	0	0
14	67	0	0	0	0
14	68	0	0	0	0
14	69	0	0	0	0
14	70	0	0	0	0
14	71	0	0	0	0
14	72	0	0	0	0
14	73	0	0	0	0
14	74	0	0	0	0
14	75	0	0	0	0
14	76	0	0	0	0
14	77	0	0	0	0
14	78	0	0	0	0
14	79	0	0	0	0
14	80	0	0	0	0
14	81	0	0	0	0
14	82	0	0	0	0
14	83	0	0	0	0
14	84	0	0	0	0
14	85	0	0	0	0
14	86	0	0	0	0
14	87	0	0	0	0
14	88	0	0	0	0
14	89	0	0	0	0
15	16	0	0	0	0
15	17	0	0	0	0
15	18	0	0	0	0
15	19	0	0	0	0
15	20	9.92419e-08	1.53747e-07	9.87601e-08	9.82969e-08
15	21	8.19626e-08	7.1167e-08	8.2058e-08	8.17591e-08
15	22	1.35762e-08	2.41772e-08	1.34825e-08	1.33876e-08
15	23	0	0	0	0
15	24	0	0	0	0
15	25	0	0	0	0
15	26	0	0	0	0
15	27	0	0	0	0
15	28	0	0	0	0
15	29	0	0	0	0
15	30	0	0	0	0
15	31	0	0	0	0
15	32	0	0	0	0
15	33	0	0	0	0
15	34	0	0	0	0
15	35	0	0	0	0
15	36	0	0	0	0
15	37	0	0	0	0
15	38	0	0	0	0
15	39	0	0	0	0
15	40	0	0	0	0
15	41	0	0	0	0
15	42	0	0	0	0
15	43	1.55021e-09	1.75648e-07	1.12915e-11	0
15	44	1.91181e-12	2.17061e-10	1.00172e-14	0
15	45	5.5638e-12	6.34858e-10	1.22851e-15	0
15	46	8.07047e-08	9.21058e-06	2.15648e-12	0
15	47	0	0	0	0
15	48	0	0	0	0
15	49	0	0	0	0
15	50	0	0	0	0
15	51	0	0	0	0
15	52	0	0	0	0
15	53	0	0	0	0
15	54	0	0	0	0
15	55	1.11218e-12	1.9546e-13	1.12029e-12	0
15	56	0	0	0	0
15	57	0	0	0	0
15	58	0	0	0	0
15	59	0	0	0	0
15	60	0	0	0	0
15	61	0	0	0	0
15	62	0	0	0	0
15	63	0	0	0	0
15	64	0	0	0	0
15	65	0	0	0	0
15	66	6.82284e-13	9.37907e-13	6.80025e-13	0
15	67	0	0	0	0
15	68	0	0	0	0
15	69	0	0	0	0
15	70	0	0	0	0
15	71	0	0	0	0
15	72	0	0	0	0
15	73	0	0	0	0
15	74	0	0	0	0
15	75	0	0	0	0
15	76	0	0	0	0
15	77	0	0	0	0
15	78	0	0	0	0
15	79	0	0	0	0
15	80	0	0	0	0
15	81	0	0	0	0
15	82	0	0	0	0
15	83	0	0	0	0
15	84	0	0	0	0
15	85	0	0	0	0
15	86	0	0	0	0
15	87	0	0	0	0
15	88	0	0	0	0
15	89	0	0	0	0
16	17	0	0	0	0
16	18	0	0	0	0
16	19	0	0	0	0
16	20	0	0	0	0
16	21	1.25875e-08	2.18475e-08	1.25057e-08	1.2415e-08
16	22	4.40793e-09	5.86577e-09	4.39505e-09	4.3214e-09
16	23	0	0	0	0
16	24	0	0	0	0
16	25	0	0	0	0
16	26	0	0	0	0
16	27	0	0	0	0
16	28	0	0	0	0
16	29	0	0	0	0
16	30	0	0	0	0
16	31	0	0	0	0
16	32	0	0	0	0
16	33	0	0	0	0
16	34	0	0	0	0
16	35	0	0	0	0
16	36	0	0	0	0
16	37	0	0	0	0
16	38	0	0	0	0
16	39	0	0	0	0
16	40	0	0	0	0
16	41	0	0	0	0
16	42	1.5189e-09	1.72224e-07	9.97001e-12	0
16	43	0	0	0	0
16	44	4.39257e-12	5.01206e-10	1.03223e-15	0
16	45	8.08882e-08	9.23152e-06	2.1575e-12	0
16	46	0	0	0	0
16	47	0	0	0	0
16	48	0	0	0	0
16	49	0	0	0	0
16	50	0	0	0	0
16	51	0	0	0	0
16	52	0	0	0	0
16	53	0	0	0	0
16	54	1.07528e-12	1.74509e-13	1.08324e-12	0
16	55	0	0	0	0
16	56	0	0	0	0
16	57	0	0	0	0
16	58	0	0	0	0
16	59	0	0	0	0
16	60	0	0	0	0
16	61	0	0	0	0
16	62	0	0	0	0
16	63	0	0	0	0
16	64	0	0	0	0
16	65	4.66055e-13	7.5587e-13	4.63493e-13	0
16	66	0	0	0	0
16	67	0	0	0	0
16	68	0	0	0	0
16	69	0	0	0	0
16	70	0	0	0	0
16	71	0	0	0	0
16	72	0	0	0	0
16	73	0	0	0	0
16	74	0	0	0	0
16	75	0	0	0	0
16	76	0	0	0	0
16	77	0	0	0	0
16	78	0	0	0	0
16	79	0	0	0	0
16	80	0	0	0	0
16	81	0	0	0	0
16	82	0	0	0	0
16	83	0	0	0	0
16	84	0	0	0	0
16	85	0	0	0	0
16	86	0	0	0	0
16	87	0	0	0	0
16	88	0	0	0	0
16	89	0	0	0	0
17	18	0	0	0	0
17	19	0	0	0	0
17	20	0	0	0	0
17	21	3.22951e-09	3.8231e-09	3.22427e-09	3.16262e-09
17	22	0	0	0	0
17	23	0	0	0	0
17	24	0	0	0	0
17	25	0	0	0	0
17	26	0	0	0	0
17	27	0	0	0	0
17	28	0	0	0	0
17	29	0	0	0	0
17	30	0	0	0	0
17	31	0	0	0	0
17	32	0	0	0	0
17	33	0	0	0	0
17	34	0	0	0	0
17	35	0	0	0	0
17	36	0	0	0	0
17	37	0	0	0	0
17	38	0	0	0	0
17	39	0	0	0	0
17	40	0	0	0	0
17	41	0	0	0	0
17	42	0	0	0	0
17	43	0	0	0	0
17	44	8.08555e-08	9.22779e-06	2.14253e-12	0
17	45	7.74627e-12	8.84033e-10	4.29671e-16	0
17	46	0	0	0	0
17	47	0	0	0	0
17	48	0	0	0	0
17	49	0	0	0	0
17	50	0	0	0	0
17	51	0	0	0	0
17	52	0	0	0	0
17	53	0	0	0	0
17	54	0	0	0	0
17	55	0	0	0	0
17	56	0	0	0	0
17	57	0	0	0	0
17	58	0	0	0	0
17	59	0	0	0	0
17	60	0	0	0	0
17	61	0	0	0	0
17	62	0	0	0	0
17	63	0	0	0	0
17	64	0	0	0	0
17	65	0	0	0	0
17	66	0	0	0	0
17	67	0	0	0	0
17	68	0	0	0	0
17	69	0	0	0	0
17	70	0	0	0	0
17	71	0	0	0	0
17	72	0	0	0	0
17	73	0	0	0	0
17	74	0	0	0	0
17	75	0	0	0	0
17	76	0	0	0	0
17	77	0	0	0	0
17	78	0	0	0	0
17	79	0	0	0	0
17	80	0	0	0	0
17	81	0	0	0	0
17	82	0	0	0	0
17	83	0	0	0	0
17	84	0	0	0	0
17	85	0	0	0	0
17	86	0	0	0	0
17	87	0	0	0	0
17	88	0	0	0	0
17	89	0	0	0	0
18	19	0	0	0	0
18	20	0	0	0	0
18	21	0	0	0	0
18	22	0	0	0	0
18	23	0	0	0	0
18	24	0	0	0	0
18	25	0	0	0	0
18	26	1.09811e-07	0	1.10782e-07	1.10487e-07
18	27	0	0	0	0
18	28	0	0	0	0
18	29	0	0	0	0
18	30	0	0	0	0
18	31	0	0	0	0
18	32	0	0	0	0
18	33	0	0	0	0
18	34	0	0	0	0
18	35	0	0	0	0
18	36	2.7437e-10	0	2.76795e-10	0
18	37	0	0	0	0
18	38	1.28915e-11	2.07454e-11	1.28221e-11	0
18	39	0	0	0	0
18	40	0	0	0	0
18	41	0	0	0	0
18	42	0	0	0	0
18	43	8.04367e-08	9.18003e-06	1.75468e-12	0
18	44	1.17653e-11	1.34277e-09	8.28023e-17	0
18	45	0	0	0	0
18	46	0	0	0	0
18	47	0	0	0	0
18	48	0	0	0	0
18	49	0	0	0	0
18	50	0	0	0	0
18	51	0	0	0	0
18	52	0	0	0	0
18	53	0	0	0	0
18	54	0	0	0	0
18	55	0	0	0	0
18	56	0	0	0	0
18	57	0	0	0	0
18	58	0	0	0	0
18	59	0	0	0	0
18	60	3.11661e-15	2.04622e-14	2.96329e-15	0
18	61	0	0	0	0
18	62	0	0	0	0
18	63	0	0	0	0
18	64	0	0	0	0
18	65	0	0	0	0
18	66	0	0	0	0
18	67	0	0	0	0
18	68	0	0	0	0
18	69	0	0	0	0
18	70	0	0	0	0
18	71	0	0	0	0
18	72	0	0	0	0
18	73	0	0	0	0
18	74	0	0	0	0
18	75	0	0	0	0
18	76	0	0	0	0
18	77	0	0	0	0
18	78	0	0	0	0
18	79	0	0	0	0
18	80	0	0	0	0
18	81	0	0	0	0
18	82	0	0	0	0
18	83	0	0	0	0
18	84	0	0	0	0
18	85	0	0	0	0
18	86	0	0	0	0
18	87	0	0	0	0
18	88	0	0	0	0
18	89	0	0	0	0
19	20	0	0	0	0
19	21	0	0	0	0
19	22	0	0	0	0
19	23	0	0	0	0
19	24	0	0	0	0
19	25	2.88311e-07	1.06203e-09	2.9085e-07	2.90544e-07
19	26	0	0	0	0
19	27	0	0	0	0
19	28	0	0	0	0
19	29	0	0	0	0
19	30	0	0	0	0
19	31	4.84427e-11	0	4.8871e-11	0
19	32	0	0	0	0
19	33	0	0	0	0
19	34	0	0	0	0
19	35	3.64158e-10	0	3.67377e-10	0
19	36	0	0	0	0
19	37	1.26736e-11	0	1.27856e-11	0
19	38	0	0	0	0
19	39	0	0	0	0
19	40	0	0	0	0
19	41	0	0	0	0
19	42	0	0	0	0
19	43	0	0	0	0
19	44	0	0	0	0
19	45	0	0	0	0
19	46	0	0	0	0
19	47	0	0	0	0
19	48	0	0	0	0
19	49	0	0	0	0
19	50	0	0	0	0
19	51	0	0	0	0
19	52	1.04011e-08	1.44311e-09	1.04803e-08	1.04627e-08
19	53	0	0	0	0
19	54	0	0	0	0
19	55	0	0	0	0
19	56	0	0	0	0
19	57	0	0	0	0
19	58	0	0	0	0
19	59	4.81052e-15	3.3089e-14	4.56055e-15	0
19	60	0	0	0	0
19	61	0	0	0	0
19	62	0	0	0	0
19	63	8.73548e-13	2.77739e-11	6.35765e-13	0
19	64	0	0	0	0
19	65	0	0	0	0
19	66	0	0	0	0
19	67	0	0	0	0
19	68	0	0	0	0
19	69	0	0	0	0
19	70	0	0	0	0
19	71	0	0	0	0
19	72	0	0	0	0
19	73	0	0	0	0
19	74	0	0	0	0
19	75	0	0	0	0
19	76	0	0	0	0
19	77	0	0	0	0
19	78	0	0	0	0
19	79	0	0	0	0
19	80	0	0	0	0
19	81	0	0	0	0
19	82	0	0	0	0
19	83	0	0	0	0
19	84	0	0	0	0
19	85	0	0	0	0
19	86	0	0	0	0
19	87	0	0	0	0
19	88	0	0	0	0
19	89	0	0	0	0
20	21	0	0	0	0
20	22	0	0	0	0
20	23	0	0	0	0
20	24	0	0	0	0
20	25	0	0	0	0
20	26	0	0	0	0
20	27	0	0	0	0
20	28	0	0	0	0
20	29	0	0	0	0
20	30	1.65468e-09	0	1.66931e-09	1.60029e-09
20	31	2.0041e-10	0	2.02181e-10	0
20	32	0	0	0	0
20	33	0	0	0	0
20	34	4.27878e-10	0	4.3166e-10	0
20	35	1.71313e-11	0	1.72827e-11	0
20	36	0	0	0	0
20	37	0	0	0	0
20	38	0	0	0	0
20	39	0	0	0	0
20	40	0	0	0	0
20	41	0	0	0	0
20	42	0	0	0	0
20	43	0	0	0	0
20	44	0	0	0	0
20	45	0	0	0	0
20	46	0	0	0	0
20	47	0	0	0	0
20	48	0	0	0	0
20	49	0	0	0	0
20	50	0	0	0	0
20	51	2.33567e-07	3.23976e-08	2.35345e-07	2.35325e-07
20	52	3.18506e-10	3.56598e-10	3.18169e-10	0
20	53	0	0	0	0
20	54	0	0	0	0
20	55	0	0	0	0
20	56	0	0	0	0
20	57	0	0	0	0
20	58	0	0	0	0
20	59	2.22129e-11	1.34963e-10	2.12163e-11	0
20	60	0	0	0	0
20	61	0	0	0	0
20	62	1.28584e-12	4.11196e-11	9.33735e-13	0
20	63	6.63147e-11	6.60542e-10	6.10621e-11	0
20	64	0	0	0	0
20	65	0	0	0	0
20	66	0	0	0	0
20	67	0	0	0	0
20	68	0	0	0	0
20	69	0	0	0	0
20	70	0	0	0	0
20	71	0	0	0	0
20	72	0	0	0	0
20	73	0.000166223	0.000348696	0.00016461	0.000164611
20	74	0	0	0	0
20	75	0	0	0	0
20	76	0	0	0	0
20	77	0	0	0	0
20	78	0	0	0	0
20	79	0	0	0	0
20	80	0	0	0	0
20	81	0	0	0	0
20	82	0	0	0	0
20	83	0	0	0	0
20	84	0	0	0	0
20	85	0	0	0	0
20	86	0	0	0	0
20	87	0	0	0	0
20	88	0	0	0	0
20	89	0	0	0	0
21	22	0	0	0	0
21	23	0	0	0	0
21	24	0	0	0	0
21	25	0	0	0	0
21	26	0	0	0	0
21	27	0	0	0	0
21	28	0	0	0	0
21	29	0	0	0	0
21	30	4.40188e-09	0	4.44079e-09	4.24377e-09
21	31	1.33518e-10	0	1.34698e-10	0
21	32	4.93721e-10	0	4.98085e-10	0
21	33	4.66159e-10	0	4.7028e-10	0
21	34	2.46215e-11	0	2.48392e-11	0
21	35	3.2131e-12	0	3.2415e-12	0
21	36	0	0	0	0
21	37	0	0	0	0
21	38	0	0	0	0
21	39	0	0	0	0
21	40	1.28381e-05	0.00146514	6.21456e-10	0
21	41	0.000102099	0.0116526	6.07319e-11	0
21	42	0	0	0	0
21	43	0	0	0	0
21	44	0	0	0	0
21	45	0	0	0	0
21	46	0	0	0	0
21	47	0	0	0	0
21	48	0	0	0	0
21	49	1.95729e-05	1.726e-05	1.95934e-05	1.95934e-05
21	50	2.79493e-05	3.53215e-06	2.81651e-05	2.8165e-05
21	51	9.29609e-09	1.0266e-08	9.28752e-09	8.97845e-09
21	52	2.34675e-10	2.43423e-10	2.34598e-10	0
21	53	1.57531e-09	2.42328e-10	1.5871e-09	1.5865e-09
21	54	0	0	0	0
21	55	0	0	0	0
21	56	0	0	0	0
21	57	0	0	0	0
21	58	3.6484e-11	2.20327e-10	3.4859e-11	0
21	59	3.75216e-12	3.51203e-11	3.47488e-12	0
21	60	0	0	0	0
21	61	1.20604e-12	4.02169e-11	8.61211e-13	0
21	62	1.02205e-10	1.01545e-09	9.41322e-11	0
21	63	8.60997e-13	4.16275e-11	5.00646e-13	0
21	64	4.9813e-12	1.61512e-10	3.59767e-12	0
21	65	0	0	0	0
21	66	0	0	0	0
21	67	0	0	0	0
21	68	0	0	0	0
21	69	4.32342e-05	3.22744e-05	4.3331e-05	4.33312e-05
21	70	0.000170559	0.000138844	0.000170839	0.00017084
21	71	8.41679e-05	0.000175378	8.33617e-05	8.3362e-05
21	72	0.000245905	0.000520909	0.000243475	0.000243475
21	73	5.43052e-05	0.000110627	5.38073e-05	5.38075e-05
21	74	0.000148202	0.000324839	0.00014664	0.000146641
21	75	8.92814e-05	0.000197995	8.83204e-05	8.83208e-05
21	76	7.42469e-05	0.000200704	7.31291e-05	7.31295e-05
21	77	0	0	0	0
21	78	0	0	0	0
21	79	0.000114909	0.000209873	0.000114069	0.00011407
21	80	0	0	0	0
21	81	0	0	0	0
21	82	0.000322707	0.000206219	0.000323737	0.000323737
21	83	0	0	0	0
21	84	0	0	0	0
21	85	0.000323843	0.000202541	0.000324915	0.000324915
21	86	0	0	0	0
21	87	0	0	0	0
21	88	0.000324655	0.000202174	0.000325737	0.000325737
21	89	0	0	0	0
22	23	0	0	0	0
22	24	0	0	0	0
22	25	0	0	0	0
22	26	0	0	0	0
22	27	0	0	0	0
22	28	0	0	0	0
22	29	0	0	0	0
22	30	1.39996e-08	0	1.41234e-08	1.40105e-08
22	31	2.05572e-09	0	2.07389e-09	1.57781e-09
22	32	5.58157e-10	0	5.63091e-10	0
22	33	5.8655e-11	0	5.91735e-11	0
22	34	1.76798e-11	0	1.78361e-11	0
22	35	0	0	0	0
22	36	0	0	0	0
22	37	4.80955e-09	0	4.85206e-09	4.82144e-09
22	38	0	0	0	0
22	39	1.61694e-05	0.00184527	1.2868e-09	4.42037e-09
22	40	0.000505916	0.0577401	2.9739e-10	0
22	41	0	0	0	0
22	42	0	0	0	0
22	43	0	0	0	0
22	44	0	0	0	0
22	45	0	0	0	0
22	46	0	0	0	0
22	47	0	0	0	0
22	48	5.48422e-06	2.95539e-05	5.27146e-06	5.27169e-06
22	49	0.000221351	2.30519e-05	0.000223104	0.000223103
22	50	1.02521e-05	6.35949e-06	1.02865e-05	1.02864e-05
22	51	3.49088e-08	4.25701e-08	3.48411e-08	3.46636e-08
22	52	7.67905e-09	9.70384e-10	7.73835e-09	7.73666e-09
22	53	0	0	0	0
22	54	0	0	0	0
22	55	0	0	0	0
22	56	0	0	0	0
22	57	5.56366e-11	3.4058e-10	5.31178e-11	0
22	58	1.96255e-11	1.72507e-10	1.82741e-11	0
22	59	0	0	0	0
22	60	0	0	0	0
22	61	2.47253e-10	2.42685e-09	2.27987e-10	0
22	62	3.65953e-12	1.86416e-10	2.04407e-12	0
22	63	8.42582e-12	3.09978e-10	5.76029e-12	0
22	64	0	0	0	0
22	65	0	0	0	0
22	66	0	0	0	0
22	67	0	0	0	0
22	68	4.0221e-05	5.09634e-05	4.01261e-05	4.01262e-05
22	69	0.000686026	0.000549498	0.000687233	0.000687235
22	70	0.000312809	0.000703275	0.000309357	0.000309358
22	71	0.000449664	0.00102614	0.000444569	0.00044457
22	72	0.000249092	0.000568488	0.000246269	0.00024627
22	73	0.000372699	0.000851502	0.000368467	0.000368468
22	74	0.000339585	0.000791099	0.000335594	0.000335595
22	75	0.000299345	0.000774593	0.000295144	0.000295145
22	76	0	0	0	0
22	77	0	0	0	0
22	78	0.00031303	0.000911582	0.000307739	0.000307741
22	79	0	0	0	0
22	80	0	0	0	0
22	81	0.00117631	0.000903592	0.00117872	0.00117872
22	82	0	0	0	0
22	83	0	0	0	0
22	84	0.00119419	0.0008954	0.00119683	0.00119683
22	85	0	0	0	0
22	86	0	0	0	0
22	87	0.00119702	0.000893269	0.0011997	0.0011997
22	88	0	0	0	0
22	89	0	0	0	0
23	24	0	0	0	0
23	25	0	0	0	0
23	26	0	0	0	0
23	27	0	0	0	0
23	28	0	0	0	0
23	29	0	0	0	0
23	30	0	0	0	0
23	31	0	0	0	0
23	32	0	0	0	0
23	33	0	0	0	0
23	34	0	0	0	0
23	35	0	0	0	0
23	36	2.28723e-09	0	2.30745e-09	2.29168e-09
23	37	0	0	0	0
23	38	0	0	0	0
23	39	0	0	0	0
23	40	0	0	0	0
23	41	0	0	0	0
23	42	1.38307e-05	0.00157849	1.35121e-11	0
23	43	0	0	0	0
23	44	0	0	0	0
23	45	0	0	0	0
23	46	0	0	0	0
23	47	0	0	0	0
23	48	0	0	0	0
23	49	0	0	0	0
23	50	0	0	0	0
23	51	0	0	0	0
23	52	0	0	0	0
23	53	0	0	0	0
23	54	6.90354e-09	6.47211e-11	6.96399e-09	6.9191e-09
23	55	0	0	0	0
23	56	0	0	0	0
23	57	0	0	0	0
23	58	0	0	0	0
23	59	0	0	0	0
23	60	2.50864e-10	2.25072e-09	2.33187e-10	0
23	61	0	0	0	0
23	62	0	0	0	0
23	63	0	0	0	0
23	64	0	0	0	0
23	65	1.18337e-10	1.72382e-09	1.04146e-10	0
23	66	0	0	0	0
23	67	0	0	0	0
23	68	0	0	0	0
23	69	0	0	0	0
23	70	0	0	0	0
23	71	0	0	0	0
23	72	0	0	0	0
23	73	0	0	0	0
23	74	0	0	0	0
23	75	0	0	0	0
23	76	0	0	0	0
23	77	0	0	0	0
23	78	0	0	0	0
23	79	0	0	0	0
23	80	0	0	0	0
23	81	0	0	0	0
23	82	0	0	0	0
23	83	0	0	0	0
23	84	0	0	0	0
23	85	0	0	0	0
23	86	0	0	0	0
23	87	0	0	0	0
23	88	0	0	0	0
23	89	0	0	0	0
24	25	0	0	0	0
24	26	0	0	0	0
24	27	0	0	0	0
24	28	0	0	0	0
24	29	0	0	0	0
24	30	1.24059e-07	0	1.25155e-07	1.24785e-07
24	31	0	0	0	0
24	32	0	0	0	0
24	33	0	0	0	0
24	34	0	0	0	0
24	35	1.26018e-09	0	1.27132e-09	1.2629e-09
24	36	0	0	0	0
24	37	6.57369e-09	0	6.6318e-09	5.48174e-09
24	38	0	0	0	0
24	39	0.00485416	0.554005	-8.75029e-19	0
24	40	0	0	0	0
24	41	8.6878e-06	0.000991537	1.23004e-11	0
24	42	0	0	0	0
24	43	0	0	0	0
24	44	0	0	0	0
24	45	0	0	0	0
24	46	0	0	0	0
24	47	0	0	0	0
24	48	1.93626e-06	3.55394e-06	1.92196e-06	1.92256e-06
24	49	0	0	0	0
24	50	0	0	0	0
24	51	0	0	0	0
24	52	0	0	0	0
24	53	2.43987e-08	5.34183e-11	2.46139e-08	2.45568e-08
24	54	0	0	0	0
24	55	0	0	0	0
24	56	0	0	0	0
24	57	2.89206e-11	3.39586e-12	2.91462e-11	0
24	58	0	0	0	0
24	59	2.33737e-10	9.98094e-10	2.26981e-10	0
24	60	0	0	0	0
24	61	9.38346e-13	8.90579e-12	8.67918e-13	0
24	62	0	0	0	0
24	63	0	0	0	0
24	64	5.00081e-11	2.35312e-10	4.83701e-11	0
24	65	0	0	0	0
24	66	0	0	0	0
24	67	0	0	0	0
24	68	3.00725e-05	2.50353e-06	3.03162e-05	3.03163e-05
24	69	0	0	0	0
24	70	0	0	0	0
24	71	0	0	0	0
24	72	0	0	0	0
24	73	0	0	0	0
24	74	0	0	0	0
24	75	0	0	0	0
24	76	0	0	0	0
24	77	0	0	0	0
24	78	0.0744503	3.63008e-05	0.0751081	0.0751079
24	79	0	0	0	0
24	80	0	0	0	0
24	81	0.0735281	3.56049e-05	0.0741777	0.0741775
24	82	0	0	0	0
24	83	0	0	0	0
24	84	0.0725799	3.51452e-05	0.0732211	0.0732209
24	85	0	0	0	0
24	86	0	0	0	0
24	87	0.0710917	3.44243e-05	0.0717198	0.0717197
24	88	0	0	0	0
24	89	0	0	0	0
25	26	0	0	0	0
25	27	0	0	0	0
25	28	0	0	0	0
25	29	1.04206e-05	8.33367e-09	1.05126e-05	1.05122e-05
25	30	0	0	0	0
25	31	0	0	0	0
25	32	0	0	0	0
25	33	0	0	0	0
25	34	0	0	0	0
25	35	0	0	0	0
25	36	7.30359e-10	5.66251e-08	2.36283e-10	0
25	37	0	0	0	0
25	38	0.00873787	0.997253	-1.75006e-18	0
25	39	0	0	0	0
25	40	0	0	0	0
25	41	0	0	0	0
25	42	7.19512e-09	2.77138e-07	4.80899e-09	4.82318e-09
25	43	0	0	0	0
25	44	0	0	0	0
25	45	0	0	0	0
25	46	0	0	0	0
25	47	3.23724e-07	1.07192e-06	3.1711e-07	3.18113e-07
25	48	0	0	0	0
25	49	0	0	0	0
25	50	0	0	0	0
25	51	0	0	0	0
25	52	0	0	0	0
25	53	0	0	0	0
25	54	1.48706e-09	2.00682e-14	1.50021e-09	1.4056e-09
25	55	0	0	0	0
25	56	5.08782e-11	2.41093e-12	5.13066e-11	0
25	57	0	0	0	0
25	58	0	0	0	0
25	59	0	0	0	0
25	60	7.08999e-13	3.44776e-12	6.8479e-13	0
25	61	0	0	0	0
25	62	0	0	0	0
25	63	0	0	0	0
25	64	0	0	0	0
25	65	9.04778e-11	1.04814e-12	9.12683e-11	0
25	66	0	0	0	0
25	67	2.20094e-05	4.87822e-08	2.22035e-05	2.22036e-05
25	68	0	0	0	0
25	69	0	0	0	0
25	70	0	0	0	0
25	71	0	0	0	0
25	72	0	0	0	0
25	73	0	0	0	0
25	74	0	0	0	0
25	75	0	0	0	0
25	76	0	0	0	0
25	77	0.0903075	2.88276e-05	0.0911055	0.0911053
25	78	0	0	0	0
25	79	0	0	0	0
25	80	0.0891782	2.81807e-05	0.0899662	0.089966
25	81	0	0	0	0
25	82	0	0	0	0
25	83	0.0880259	2.78164e-05	0.0888037	0.0888035
25	84	0	0	0	0
25	85	0	0	0	0
25	86	0.0859671	2.71657e-05	0.0867267	0.0867265
25	87	0	0	0	0
25	88	0	0	0	0
25	89	0.00103085	3.25769e-07	0.00103996	0.00103996
26	27	0	0	0	0
26	28	0	0	0	0
26	29	0	0	0	0
26	30	0	0	0	0
26	31	0	0	0	0
26	32	0	0	0	0
26	33	0	0	0	0
26	34	0	0	0	0
26	35	3.85939e-11	3.30607e-09	9.71144e-12	0
26	36	0	0	0	0
26	37	0.00874514	0.998082	-1.75006e-18	0
26	38	0	0	0	0
26	39	0	0	0	0
26	40	0	0	0	0
26	41	5.49319e-09	0	5.54175e-09	5.47622e-09
26	42	0	0	0	0
26	43	0	0	0	0
26	44	0	0	0	0
26	45	0	0	0	0
26	46	0	0	0	0
26	47	0	0	0	0
26	48	0	0	0	0
26	49	0	0	0	0
26	50	0	0	0	0
26	51	0	0	0	0
26	52	0	0	0	0
26	53	5.78673e-09	0	5.83788e-09	5.7369e-09
26	54	0	0	0	0
26	55	0	0	0	0
26	56	0	0	0	0
26	57	0	0	0	0
26	58	0	0	0	0
26	59	1.88652e-13	0	1.9032e-13	0
26	60	0	0	0	0
26	61	3.77718e-10	0	3.81057e-10	0
26	62	0	0	0	0
26	63	0	0	0	0
26	64	4.16318e-11	0	4.19998e-11	0
26	65	0	0	0	0
26	66	0	0	0	0
26	67	0	0	0	0
26	68	0	0	0	0
26	69	0	0	0	0
26	70	0	0	0	0
26	71	0	0	0	0
26	72	0	0	0	0
26	73	0	0	0	0
26	74	0	0	0	0
26	75	0	0	0	0
26	76	0.0844928	0	0.0852397	0.0852393
26	77	0	0	0	0
26	78	0	0	0	0
26	79	0.0834304	0	0.0841678	0.0841675
26	80	0	0	0	0
26	81	0	0	0	0
26	82	0.0823508	0	0.0830787	0.0830784
26	83	0	0	0	0
26	84	0	0	0	0
26	85	0.0804191	0	0.0811299	0.0811296
26	86	0	0	0	0
26	87	0	0	0	0
26	88	0.00100969	0	0.00101861	0.00101861
26	89	0	0	0	0
27	28	0	0	0	0
27	29	0	0	0	0
27	30	0	0	0	0
27	31	0	0	0	0
27	32	0	0	0	0
27	33	0	0	0	0
27	34	0	0	0	0
27	35	0	0	0	0
27	36	0.00874731	0.998257	6.4321e-07	4.80291e-06
27	37	0	0	0	0
27	38	0	0	0	0
27	39	0	0	0	0
27	40	0	0	0	0
27	41	0	0	0	0
27	42	0	0	0	0
27	43	0	0	0	0
27	44	0	0	0	0
27	45	0	0	0	0
27	46	0	0	0	0
27	47	0	0	0	0
27	48	0	0	0	0
27	49	0	0	0	0
27	50	0	0	0	0
27	51	0	0	0	0
27	52	0	0	0	0
27	53	0	0	0	0
27	54	0	0	0	0
27	55	0	0	0	0
27	56	0	0	0	0
27	57	0	0	0	0
27	58	0	0	0	0
27	59	0	0	0	0
27	60	4.22396e-10	0	4.2613e-10	0
27	61	0	0	0	0
27	62	0	0	0	0
27	63	0	0	0	0
27	64	0	0	0	0
27	65	0	0	0	0
27	66	0	0	0	0
27	67	0	0	0	0
27	68	0	0	0	0
27	69	0	0	0	0
27	70	0	0	0	0
27	71	0	0	0	0
27	72	0	0	0	0
27	73	0	0	0	0
27	74	0	0	0	0
27	75	0	0	0	0
27	76	0	0	0	0
27	77	0	0	0	0
27	78	0	0	0	0
27	79	0	0	0	0
27	80	0	0	0	0
27	81	0	0	0	0
27	82	0	0	0	0
27	83	0	0	0	0
27	84	0	0	0	0
27	85	0	0	0	0
27	86	0	0	0	0
27	87	0	0	0	0
27	88	0	0	0	0
27	89	0	0	0	0
28	29	0	0	0	0
28	30	0	0	0	0
28	31	0	0	0	0
28	32	0	0	0	0
28	33	0	0	0	0
28	34	0	0	0	0
28	35	0.00875515	0.999067	1.3935e-06	5.7508e-06
28	36	0	0	0	0
28	37	0	0	0	0
28	38	0	0	0	0
28	39	0	0	0	0
28	40	0	0	0	0
28	41	0	0	0	0
28	42	0	0	0	0
28	43	0	0	0	0
28	44	0	0	0	0
28	45	0	0	0	0
28	46	0	0	0	0
28	47	0	0	0	0
28	48	0	0	0	0
28	49	0	0	0	0
28	50	0	0	0	0
28	51	0	0	0	0
28	52	4.99361e-07	0	5.03775e-07	5.03587e-07
28	53	0	0	0	0
28	54	0	0	0	0
28	55	0	0	0	0
28	56	0	0	0	0
28	57	0	0	0	0
28	58	0	0	0	0
28	59	4.25849e-10	0	4.29613e-10	0
28	60	0	0	0	0
28	61	0	0	0	0
28	62	0	0	0	0
28	63	2.08367e-11	0	2.10208e-11	0
28	64	0	0	0	0
28	65	0	0	0	0
28	66	0	0	0	0
28	67	0	0	0	0
28	68	0	0	0	0
28	69	0	0	0	0
28	70	0	0	0	0
28	71	0	0	0	0
28	72	0	0	0	0
28	73	0	0	0	0
28	74	0	0	0	0
28	75	0	0	0	0
28	76	0	0	0	0
28	77	0	0	0	0
28	78	0	0	0	0
28	79	0	0	0	0
28	80	0	0	0	0
28	81	0	0	0	0
28	82	0	0	0	0
28	83	0	0	0	0
28	84	0	0	0	0
28	85	0	0	0	0
28	86	0	0	0	0
28	87	0	0	0	0
28	88	0	0	0	0
28	89	0	0	0	0
29	30	0	0	0	0
29	31	0	0	0	0
29	32	0	0	0	0
29	33	0	0	0	0
29	34	0.00874839	0.998295	1.3958e-06	5.75145e-06
29	35	0	0	0	0
29	36	0	0	0	0
29	37	2.06274e-09	1.29828e-07	9.33373e-10	0
29	38	0	0	0	0
29	39	4.46218e-08	0	4.50162e-08	4.45191e-08
29	40	0	0	0	0
29	41	0	0	0	0
29	42	0	0	0	0
29	43	0	0	0	0
29	44	0	0	0	0
29	45	0	0	0	0
29	46	0	0	0	0
29	47	0	0	0	0
29	48	0.955252	0	0.963696	0.963692
29	49	0	0	0	0
29	50	0	0	0	0
29	51	6.09592e-07	0	6.14981e-07	6.14826e-07
29	52	0	0	0	0
29	53	0	0	0	0
29	54	0	0	0	0
29	55	0	0	0	0
29	56	0	0	0	0
29	57	7.86285e-11	0	7.93235e-11	0
29	58	0	0	0	0
29	59	0	0	0	0
29	60	0	0	0	0
29	61	0	0	0	0
29	62	1.6822e-11	0	1.69707e-11	0
29	63	0	0	0	0
29	64	0	0	0	0
29	65	0	0	0	0
29	66	0	0	0	0
29	67	0	0	0	0
29	68	0	0	0	0
29	69	0	0	0	0
29	70	0	0	0	0
29	71	0	0	0	0
29	72	0	0	0	0
29	73	0	0	0	0
29	74	0	0	0	0
29	75	0	0	0	0
29	76	0	0	0	0
29	77	0	0	0	0
29	78	0	0	0	0
29	79	0	0	0	0
29	80	0	0	0	0
29	81	0	0	0	0
29	82	0	0	0	0
29	83	0	0	0	0
29	84	0	0	0	0
29	85	0	0	0	0
29	86	0	0	0	0
29	87	0	0	0	0
29	88	0	0	0	0
29	89	0	0	0	0
30	31	0	0	0	0
30	32	0	0	0	0
30	33	0	0	0	0
30	34	0	0	0	0
30	35	0	0	0	0
30	36	1.99629e-09	1.26335e-07	8.97216e-10	0
30	37	0	0	0	0
30	38	4.60522e-08	9.29234e-08	4.56378e-08	4.59533e-08
30	39	0	0	0	0
30	40	0	0	0	0
30	41	0	0	0	0
30	42	0	0	0	0
30	43	8.52252e-11	0	8.59785e-11	0
30	44	2.0852e-09	0	2.10363e-09	2.10012e-09
30	45	2.33964e-10	0	2.36032e-10	0
30	46	4.87626e-07	0	4.91937e-07	4.91928e-07
30	47	0.99035	0	0.999104	0.9991
30	48	0	0	0	0
30	49	0	0	0	0
30	50	0	0	0	0
30	51	0	0	0	0
30	52	0	0	0	0
30	53	0	0	0	0
30	54	0	0	0	0
30	55	1.53149e-14	0	1.54503e-14	0
30	56	7.47482e-11	0	7.54089e-11	0
30	57	0	0	0	0
30	58	0	0	0	0
30	59	0	0	0	0
30	60	0	0	0	0
30	61	0	0	0	0
30	62	0	0	0	0
30	63	0	0	0	0
30	64	0	0	0	0
30	65	0	0	0	0
30	66	6.39342e-13	0	6.44993e-13	0
30	67	1.83006e-10	0	1.84624e-10	0
30	68	0	0	0	0
30	69	0	0	0	0
30	70	0	0	0	0
30	71	0	0	0	0
30	72	0	0	0	0
30	73	0	0	0	0
30	74	0	0	0	0
30	75	0	0	0	0
30	76	0	0	0	0
30	77	0	0	0	0
30	78	0	0	0	0
30	79	0	0	0	0
30	80	0	0	0	0
30	81	0	0	0	0
30	82	0	0	0	0
30	83	0	0	0	0
30	84	0	0	0	0
30	85	0	0	0	0
30	86	0	0	0	0
30	87	0	0	0	0
30	88	0	0	0	0
30	89	0	0	0	0
31	32	0	0	0	0
31	33	0	0	0	0
31	34	0	0	0	0
31	35	0	0	0	0
31	36	0	0	0	0
31	37	0	0	0	0
31	38	0	0	0	0
31	39	0	0	0	0
31	40	0	0	0	0
31	41	0	0	0	0
31	42	4.37479e-11	0	4.41346e-11	0
31	43	3.00123e-09	0	3.02776e-09	3.0169e-09
31	44	9.96677e-11	0	1.00549e-10	0
31	45	3.1804e-07	0	3.20852e-07	3.20848e-07
31	46	0.990582	0	0.999338	0.999334
31	47	0	0	0	0
31	48	0	0	0	0
31	49	0	0	0	0
31	50	0	0	0	0
31	51	0	0	0	0
31	52	0	0	0	0
31	53	0	0	0	0
31	54	2.52269e-15	0	2.54499e-15	0
31	55	7.35906e-11	0	7.42411e-11	0
31	56	0	0	0	0
31	57	0	0	0	0
31	58	0	0	0	0
31	59	0	0	0	0
31	60	0	0	0	0
31	61	0	0	0	0
31	62	0	0	0	0
31	63	0	0	0	0
31	64	0	0	0	0
31	65	1.51789e-14	0	1.5313e-14	0
31	66	4.4572e-11	0	4.4966e-11	0
31	67	0	0	0	0
31	68	0	0	0	0
31	69	0	0	0	0
31	70	0	0	0	0
31	71	0	0	0	0
31	72	0	0	0	0
31	73	0	0	0	0
31	74	0	0	0	0
31	75	0	0	0	0
31	76	0	0	0	0
31	77	0	0	0	0
31	78	0	0	0	0
31	79	0	0	0	0
31	80	0	0	0	0
31	81	0	0	0	0
31	82	0	0	0	0
31	83	0	0	0	0
31	84	0	0	0	0
31	85	0	0	0	0
31	86	0	0	0	0
31	87	0	0	0	0
31	88	0	0	0	0
31	89	0	0	0	0
32	33	0	0	0	0
32	34	0	0	0	0
32	35	0	0	0	0
32	36	0	0	0	0
32	37	0	0	0	0
32	38	0	0	0	0
32	39	0	0	0	0
32	40	0	0	0	0
32	41	0	0	0	0
32	42	2.83876e-09	0	2.86385e-09	2.85292e-09
32	43	0	0	0	0
32	44	1.18198e-06	0	1.19243e-06	1.19242e-06
32	45	0.989889	0	0.998639	0.998634
32	46	0	0	0	0
32	47	0	0	0	0
32	48	0	0	0	0
32	49	0	0	0	0
32	50	0	0	0	0
32	51	0	0	0	0
32	52	0	0	0	0
32	53	0	0	0	0
32	54	5.46039e-11	0	5.50866e-11	0
32	55	0	0	0	0
32	56	0	0	0	0
32	57	0	0	0	0
32	58	0	0	0	0
32	59	0	0	0	0
32	60	0	0	0	0
32	61	0	0	0	0
32	62	0	0	0	0
32	63	0	0	0	0
32	64	0	0	0	0
32	65	2.82895e-11	0	2.85395e-11	0
32	66	0	0	0	0
32	67	0	0	0	0
32	68	0	0	0	0
32	69	0	0	0	0
32	70	0	0	0	0
32	71	0	0	0	0
32	72	0	0	0	0
32	73	0	0	0	0
32	74	0	0	0	0
32	75	0	0	0	0
32	76	0	0	0	0
32	77	0	0	0	0
32	78	0	0	0	0
32	79	0	0	0	0
32	80	0	0	0	0
32	81	0	0	0	0
32	82	0	0	0	0
32	83	0	0	0	0
32	84	0	0	0	0
32	85	0	0	0	0
32	86	0	0	0	0
32	87	0	0	0	0
32	88	0	0	0	0
32	89	0	0	0	0
33	34	0	0	0	0
33	35	0	0	0	0
33	36	0	0	0	0
33	37	0	0	0	0
33	38	0	0	0	0
33	39	0	0	0	0
33	40	0	0	0	0
33	41	0	0	0	0
33	42	0	0	0	0
33	43	0	0	0	0
33	44	0.989453	0	0.998199	0.998194
33	45	8.83351e-06	0	8.91159e-06	8.91155e-06
33	46	0	0	0	0
33	47	0	0	0	0
33	48	0	0	0	0
33	49	0	0	0	0
33	50	0	0	0	0
33	51	0	0	0	0
33	52	0	0	0	0
33	53	0	0	0	0
33	54	0	0	0	0
33	55	0	0	0	0
33	56	0	0	0	0
33	57	0	0	0	0
33	58	0	0	0	0
33	59	0	0	0	0
33	60	0	0	0	0
33	61	0	0	0	0
33	62	0	0	0	0
33	63	0	0	0	0
33	64	0	0	0	0
33	65	0	0	0	0
33	66	0	0	0	0
33	67	0	0	0	0
33	68	0	0	0	0
33	69	0	0	0	0
33	70	0	0	0	0
33	71	0	0	0	0
33	72	0	0	0	0
33	73	0	0	0	0
33	74	0	0	0	0
33	75	0	0	0	0
33	76	0	0	0	0
33	77	0	0	0	0
33	78	0	0	0	0
33	79	0	0	0	0
33	80	0	0	0	0
33	81	0	0	0	0
33	82	0	0	0	0
33	83	0	0	0	0
33	84	0	0	0	0
33	85	0	0	0	0
33	86	0	0	0	0
33	87	0	0	0	0
33	88	0	0	0	0
33	89	0	0	0	0
34	35	0	0	0	0
34	36	0	0	0	0
34	37	0	0	0	0
34	38	0	0	0	0
34	39	0	0	0	0
34	40	0	0	0	0
34	41	0	0	0	0
34	42	0	0	0	0
34	43	0.990409	0	0.999163	0.999159
34	44	1.58094e-05	0	1.59492e-05	1.59491e-05
34	45	3.24561e-09	0	3.2743e-09	3.27417e-09
34	46	3.5106e-10	0	3.54163e-10	0
34	47	2.63045e-08	0	2.6537e-08	2.64313e-08
34	48	0	0	0	0
34	49	0	0	0	0
34	50	0	0	0	0
34	51	0	0	0	0
34	52	0	0	0	0
34	53	0	0	0	0
34	54	0	0	0	0
34	55	1.18055e-15	0	1.19099e-15	0
34	56	8.05596e-14	0	8.12717e-14	0
34	57	0	0	0	0
34	58	0	0	0	0
34	59	0	0	0	0
34	60	0	0	0	0
34	61	0	0	0	0
34	62	0	0	0	0
34	63	0	0	0	0
34	64	0	0	0	0
34	65	0	0	0	0
34	66	1.26262e-14	0	1.27378e-14	0
34	67	5.66349e-13	0	5.71355e-13	0
34	68	0	0	0	0
34	69	0	0	0	0
34	70	0	0	0	0
34	71	0	0	0	0
34	72	0	0	0	0
34	73	0	0	0	0
34	74	0	0	0	0
34	75	0	0	0	0
34	76	0	0	0	0
34	77	0	0	0	0
34	78	0	0	0	0
34	79	0	0	0	0
34	80	0	0	0	0
34	81	0	0	0	0
34	82	0	0	0	0
34	83	0	0	0	0
34	84	0	0	0	0
34	85	0	0	0	0
34	86	0	0	0	0
34	87	0	0	0	0
34	88	0	0	0	0
34	89	0	0	0	0
35	36	0	0	0	0
35	37	0	0	0	0
35	38	0	0	0	0
35	39	0	0	0	0
35	40	0	0	0	0
35	41	0	0	0	0
35	42	0.979038	0	0.987692	0.987687
35	43	2.87383e-05	0	2.89923e-05	2.89922e-05
35	44	2.8366e-08	0	2.86168e-08	2.86156e-08
35	45	7.26331e-10	0	7.32752e-10	0
35	46	2.62572e-08	0	2.64893e-08	2.63895e-08
35	47	0	0	0	0
35	48	0	0	0	0
35	49	0	0	0	0
35	50	0	0	0	0
35	51	0	0	0	0
35	52	0	0	0	0
35	53	0	0	0	0
35	54	5.76214e-15	0	5.81307e-15	0
35	55	8.02048e-14	0	8.09138e-14	0
35	56	0	0	0	0
35	57	0	0	0	0
35	58	0	0	0	0
35	59	0	0	0	0
35	60	3.74524e-13	0	3.77835e-13	0
35	61	0	0	0	0
35	62	0	0	0	0
35	63	0	0	0	0
35	64	0	0	0	0
35	65	1.22146e-14	0	1.23226e-14	0
35	66	4.32546e-13	0	4.3637e-13	0
35	67	0	0	0	0
35	68	0	0	0	0
35	69	0	0	0	0
35	70	0	0	0	0
35	71	0	0	0	0
35	72	0	0	0	0
35	73	0	0	0	0
35	74	0	0	0	0
35	75	0	0	0	0
35	76	0	0	0	0
35	77	1.67935e-09	0	1.69419e-09	1.68234e-09
35	78	0	0	0	0
35	79	0	0	0	0
35	80	1.47344e-08	0	1.48646e-08	1.47581e-08
35	81	0	0	0	0
35	82	0	0	0	0
35	83	8.30862e-09	0	8.38207e-09	8.32937e-09
35	84	0	0	0	0
35	85	0	0	0	0
35	86	1.8153e-09	0	1.83135e-09	1.81539e-09
35	87	0	0	0	0
35	88	0	0	0	0
35	89	1.00538e-10	0	1.01427e-10	0
36	37	0	0	0	0
36	38	0	0	0	0
36	39	0	0	0	0
36	40	0	0	0	0
36	41	0.966089	0	0.974629	0.974625
36	42	0	0	0	0
36	43	0	0	0	0
36	44	0	0	0	0
36	45	0	0	0	0
36	46	0	0	0	0
36	47	0	0	0	0
36	48	3.05079e-08	0	3.07775e-08	3.07554e-08
36	49	0	0	0	0
36	50	0	0	0	0
36	51	0	0	0	0
36	52	0	0	0	0
36	53	1.51745e-14	0	1.53087e-14	0
36	54	0	0	0	0
36	55	0	0	0	0
36	56	0	0	0	0
36	57	1.20613e-13	0	1.21679e-13	0
36	58	0	0	0	0
36	59	1.58332e-13	0	1.59732e-13	0
36	60	0	0	0	0
36	61	1.29537e-11	0	1.30682e-11	0
36	62	0	0	0	0
36	63	0	0	0	0
36	64	1.49758e-14	0	1.51082e-14	0
36	65	0	0	0	0
36	66	0	0	0	0
36	67	0	0	0	0
36	68	4.2932e-12	0	4.33115e-12	0
36	69	0	0	0	0
36	70	0	0	0	0
36	71	0	0	0	0
36	72	0	0	0	0
36	73	0	0	0	0
36	74	0	0	0	0
36	75	0	0	0	0
36	76	1.62809e-09	0	1.64249e-09	1.63093e-09
36	77	0	0	0	0
36	78	4.05424e-09	0	4.09008e-09	4.06822e-09
36	79	1.42585e-08	0	1.43845e-08	1.42818e-08
36	80	0	0	0	0
36	81	4.94072e-09	0	4.9844e-09	4.9554e-09
36	82	7.61913e-09	0	7.68648e-09	7.63897e-09
36	83	0	0	0	0
36	84	1.15501e-09	0	1.16522e-09	1.15554e-09
36	85	1.59181e-09	0	1.60588e-09	1.59185e-09
36	86	0	0	0	0
36	87	5.2532e-10	0	5.29964e-10	0
36	88	9.8381e-11	0	9.92507e-11	0
36	89	0	0	0	0
37	38	0	0	0	0
37	39	0	0	0	0
37	40	0	0	0	0
37	41	0	0	0	0
37	42	0	0	0	0
37	43	0	0	0	0
37	44	0	0	0	0
37	45	0	0	0	0
37	46	0	0	0	0
37	47	1.66182e-07	0	1.6765e-07	1.67602e-07
37	48	0	0	0	0
37	49	0	0	0	0
37	50	0	0	0	0
37	51	0	0	0	0
37	52	0	0	0	0
37	53	0	0	0	0
37	54	0	0	0	0
37	55	0	0	0	0
37	56	4.43151e-13	0	4.47068e-13	0
37	57	0	0	0	0
37	58	0	0	0	0
37	59	0	0	0	0
37	60	1.34723e-11	0	1.35914e-11	0
37	61	0	0	0	0
37	62	0	0	0	0
37	63	0	0	0	0
37	64	0	0	0	0
37	65	0	0	0	0
37	66	0	0	0	0
37	67	5.03301e-12	0	5.0775e-12	0
37	68	0	0	0	0
37	69	0	0	0	0
37	70	0	0	0	0
37	71	0	0	0	0
37	72	0	0	0	0
37	73	0	0	0	0
37	74	0	0	0	0
37	75	0	0	0	0
37	76	0	0	0	0
37	77	1.17088e-08	0	1.18123e-08	1.17565e-08
37	78	0	0	0	0
37	79	0	0	0	0
37	80	1.45386e-08	0	1.46671e-08	1.45922e-08
37	81	0	0	0	0
37	82	0	0	0	0
37	83	3.4208e-09	0	3.45104e-09	3.42501e-09
37	84	0	0	0	0
37	85	0	0	0	0
37	86	1.5439e-09	0	1.55754e-09	1.02601e-09
37	87	0	0	0	0
37	88	0	0	0	0
37	89	0	0	0	0
38	39	0	0	0	0
38	40	0	0	0	0
38	41	0	0	0	0
38	42	0	0	0	0
38	43	0	0	0	0
38	44	0	0	0	0
38	45	0	0	0	0
38	46	0	0	0	0
38	47	0	0	0	0
38	48	3.4381e-06	0.000336877	4.90695e-07	2.3632e-06
38	49	0	0	0	0
38	50	0	0	0	0
38	51	0	0	0	0
38	52	0	0	0	0
38	53	0	0	0	0
38	54	0	0	0	0
38	55	0	0	0	0
38	56	0	0	0	0
38	57	9.02288e-11	9.38103e-09	8.10371e-12	0
38	58	0	0	0	0
38	59	1.32362e-11	1.87905e-11	1.31871e-11	0
38	60	0	0	0	0
38	61	0	0	0	0
38	62	0	0	0	0
38	63	0	0	0	0
38	64	0	0	0	0
38	65	0	0	0	0
38	66	0	0	0	0
38	67	0	0	0	0
38	68	0	0	0	0
38	69	0	0	0	0
38	70	0	0	0	0
38	71	0	0	0	0
38	72	0	0	0	0
38	73	0	0	0	0
38	74	0	0	0	0
38	75	0	0	0	0
38	76	0	0	0	0
38	77	0	0	0	0
38	78	0	0	0	0
38	79	0	0	0	0
38	80	0	0	0	0
38	81	0	0	0	0
38	82	0	0	0	0
38	83	0	0	0	0
38	84	0	0	0	0
38	85	0	0	0	0
38	86	0	0	0	0
38	87	0	0	0	0
38	88	0	0	0	0
38	89	0	0	0	0
39	40	0	0	0	0
39	41	0	0	0	0
39	42	0	0	0	0
39	43	0	0	0	0
39	44	0	0	0	0
39	45	3.44385e-07	3.88312e-05	4.18471e-09	6.68761e-09
39	46	3.56131e-05	0.0040306	2.99757e-07	7.09299e-07
39	47	5.75958e-06	0.000608994	4.27359e-07	2.04262e-06
39	48	0	0	0	0
39	49	0	0	0	0
39	50	0	0	0	0
39	51	0	0	0	0
39	52	0	0	0	0
39	53	0	0	0	0
39	54	0	0	0	0
39	55	1.84448e-10	2.08387e-08	1.87715e-12	0
39	56	1.93272e-10	2.10249e-08	9.13314e-12	0
39	57	0	0	0	0
39	58	0	0	0	0
39	59	0	0	0	0
39	60	0	0	0	0
39	61	0	0	0	0
39	62	0	0	0	0
39	63	0	0	0	0
39	64	0	0	0	0
39	65	0	0	0	0
39	66	1.83371e-10	2.08175e-08	9.77702e-13	0
39	67	0	0	0	0
39	68	0	0	0	0
39	69	0	0	0	0
39	70	0	0	0	0
39	71	0	0	0	0
39	72	0	0	0	0
39	73	0	0	0	0
39	74	0	0	0	0
39	75	0	0	0	0
39	76	0	0	0	0
39	77	0	0	0	0
39	78	0	0	0	0
39	79	0	0	0	0
39	80	0	0	0	0
39	81	0	0	0	0
39	82	0	0	0	0
39	83	0	0	0	0
39	84	0	0	0	0
39	85	0	0	0	0
39	86	0	0	0	0
39	87	0	0	0	0
39	88	0	0	0	0
39	89	0	0	0	0
40	41	0	0	0	0
40	42	0	0	0	0
40	43	0	0	0	0
40	44	2.49906e-06	0.000284757	4.07103e-09	7.23136e-09
40	45	3.85819e-05	0.00436668	3.24068e-07	9.15356e-07
40	46	0	0	0	0
40	47	0	0	0	0
40	48	0	0	0	0
40	49	0	0	0	0
40	50	0	0	0	0
40	51	0	0	0	0
40	52	0	0	0	0
40	53	0	0	0	0
40	54	2.56407e-10	2.91183e-08	1.28555e-12	0
40	55	0	0	0	0
40	56	0	0	0	0
40	57	0	0	0	0
40	58	0	0	0	0
40	59	0	0	0	0
40	60	0	0	0	0
40	61	0	0	0	0
40	62	0	0	0	0
40	63	0	0	0	0
40	64	0	0	0	0
40	65	1.53131e-10	1.74018e-08	6.63639e-13	0
40	66	0	0	0	0
40	67	0	0	0	0
40	68	0	0	0	0
40	69	0	0	0	0
40	70	0	0	0	0
40	71	0	0	0	0
40	72	0	0	0	0
40	73	0	0	0	0
40	74	0	0	0	0
40	75	0	0	0	0
40	76	0	0	0	0
40	77	0	0	0	0
40	78	0	0	0	0
40	79	0	0	0	0
40	80	0	0	0	0
40	81	0	0	0	0
40	82	0	0	0	0
40	83	0	0	0	0
40	84	0	0	0	0
40	85	0	0	0	0
40	86	0	0	0	0
40	87	0	0	0	0
40	88	0	0	0	0
40	89	0	0	0	0
41	42	0	0	0	0
41	43	0	0	0	0
41	44	0	0	0	0
41	45	0	0	0	0
41	46	0	0	0	0
41	47	0	0	0	0
41	48	0	0	0	0
41	49	0	0	0	0
41	50	0	0	0	0
41	51	0	0	0	0
41	52	0	0	0	0
41	53	0	0	0	0
41	54	3.19216e-08	3.64126e-06	1.7286e-11	0
41	55	0	0	0	0
41	56	0	0	0	0
41	57	0	0	0	0
41	58	0	0	0	0
41	59	0	0	0	0
41	60	2.62125e-11	2.99146e-09	1.4931e-15	0
41	61	0	0	0	0
41	62	0	0	0	0
41	63	0	0	0	0
41	64	0	0	0	0
41	65	4.01556e-09	4.58254e-07	3.71811e-13	0
41	66	0	0	0	0
41	67	0	0	0	0
41	68	0	0	0	0
41	69	0	0	0	0
41	70	0	0	0	0
41	71	0	0	0	0
41	72	0	0	0	0
41	73	0	0	0	0
41	74	0	0	0	0
41	75	0	0	0	0
41	76	0	0	0	0
41	77	0	0	0	0
41	78	0	0	0	0
41	79	0	0	0	0
41	80	0	0	0	0
41	81	0	0	0	0
41	82	0	0	0	0
41	83	0	0	0	0
41	84	0	0	0	0
41	85	0	0	0	0
41	86	0	0	0	0
41	87	0	0	0	0
41	88	0	0	0	0
41	89	0	0	0	0
42	43	0	0	0	0
42	44	0	0	0	0
42	45	0	0	0	0
42	46	0	0	0	0
42	47	0	0	0	0
42	48	0	0	0	0
42	49	0.00159943	0.182515	2.40028e-07	7.41364e-07
42	50	0	0	0	0
42	51	0	0	0	0
42	52	4.69804e-08	5.36149e-06	3.35061e-12	0
42	53	9.20841e-08	1.05067e-05	2.51627e-11	0
42	54	0	0	0	0
42	55	0	0	0	0
42	56	0	0	0	0
42	57	0	0	0	0
42	58	2.09282e-10	2.38618e-08	2.08051e-13	0
42	59	1.2969e-11	1.48006e-09	7.59852e-16	0
42	60	0	0	0	0
42	61	0	0	0	0
42	62	0	0	0	0
42	63	1.79003e-10	2.04104e-08	1.69286e-13	0
42	64	4.79792e-09	5.47517e-07	6.11117e-13	0
42	65	0	0	0	0
42	66	0	0	0	0
42	67	0	0	0	0
42	68	0	0	0	0
42	69	0	0	0	0
42	70	0	0	0	0
42	71	0	0	0	0
42	72	0	0	0	0
42	73	0	0	0	0
42	74	0.00281493	0.321236	2.80118e-07	1.02389e-06
42	75	0	0	0	0
42	76	0	0	0	0
42	77	0	0	0	0
42	78	0	0	0	0
42	79	0	0	0	0
42	80	0	0	0	0
42	81	0	0	0	0
42	82	0	0	0	0
42	83	0	0	0	0
42	84	0	0	0	0
42	85	0	0	0	0
42	86	0	0	0	0
42	87	0	0	0	0
42	88	0	0	0	0
42	89	0	0	0	0
43	44	0	0	0	0
43	45	0	0	0	0
43	46	0	0	0	0
43	47	0	0	0	0
43	48	0.00165401	0.188744	2.47846e-07	7.65193e-07
43	49	0	0	0	0
43	50	0	0	0	0
43	51	1.45347e-06	0.000165861	2.02974e-10	0
43	52	1.43384e-07	1.63612e-05	2.83443e-11	0
43	53	0	0	0	0
43	54	0	0	0	0
43	55	0	0	0	0
43	56	0	0	0	0
43	57	2.3397e-10	2.6679e-08	2.11894e-13	0
43	58	0	0	0	0
43	59	6.85219e-11	7.81943e-09	8.57394e-15	0
43	60	0	0	0	0
43	61	0	0	0	0
43	62	2.59071e-10	2.95463e-08	1.8958e-13	0
43	63	4.87462e-09	5.5627e-07	6.18662e-13	0
43	64	0	0	0	0
43	65	0	0	0	0
43	66	0	0	0	0
43	67	0	0	0	0
43	68	0	0	0	0
43	69	0	0	0	0
43	70	0	0	0	0
43	71	0	0	0	0
43	72	0	0	0	0
43	73	0.00307083	0.35044	3.0022e-07	1.10938e-06
43	74	0	0	0	0
43	75	0	0	0	0
43	76	0	0	0	0
43	77	0	0	0	0
43	78	0	0	0	0
43	79	0	0	0	0
43	80	0	0	0	0
43	81	0	0	0	0
43	82	0	0	0	0
43	83	0	0	0	0
43	84	0	0	0	0
43	85	0	0	0	0
43	86	0	0	0	0
43	87	0	0	0	0
43	88	0	0	0	0
43	89	0	0	0	0
44	45	0	0	0	0
44	46	0	0	0	0
44	47	0	0	0	0
44	48	0	0	0	0
44	49	0	0	0	0
44	50	2.68445e-06	0.000306331	3.97646e-10	0
44	51	1.44273e-07	1.64627e-05	2.81556e-11	0
44	52	1.76709e-10	2.01662e-08	1.33744e-14	0
44	53	3.52525e-09	4.02268e-07	6.14548e-13	0
44	54	0	0	0	0
44	55	0	0	0	0
44	56	0	0	0	0
44	57	0	0	0	0
44	58	5.82129e-11	6.64299e-09	7.48107e-15	0
44	59	3.99885e-10	4.56326e-08	5.55821e-14	0
44	60	0	0	0	0
44	61	2.29101e-10	2.61289e-08	1.62691e-13	0
44	62	4.62519e-09	5.27806e-07	5.86993e-13	0
44	63	2.13458e-13	2.43591e-11	2.55104e-17	0
44	64	1.03285e-11	1.17871e-09	7.35951e-16	0
44	65	0	0	0	0
44	66	0	0	0	0
44	67	0	0	0	0
44	68	0	0	0	0
44	69	1.23668e-06	0.00014113	1.06924e-10	0
44	70	5.74865e-07	6.56034e-05	5.23971e-11	0
44	71	4.29831e-06	0.000490519	4.1092e-10	0
44	72	0.00303112	0.345908	2.96317e-07	1.09734e-06
44	73	3.11714e-06	0.000355728	2.78552e-10	0
44	74	1.9332e-05	0.00220613	2.02819e-09	7.05266e-09
44	75	0.000596144	0.068033	4.3592e-08	1.99777e-07
44	76	2.43694e-06	0.000278106	1.9389e-10	0
44	77	0	0	0	0
44	78	0	0	0	0
44	79	9.11215e-08	1.03991e-05	5.51392e-12	0
44	80	0	0	0	0
44	81	0	0	0	0
44	82	3.12713e-08	3.56886e-06	1.16033e-12	0
44	83	0	0	0	0
44	84	0	0	0	0
44	85	2.09027e-08	2.38558e-06	4.09936e-13	0
44	86	0	0	0	0
44	87	0	0	0	0
44	88	1.45297e-08	1.65824e-06	2.7426e-13	0
44	89	0	0	0	0
45	46	0	0	0	0
45	47	0	0	0	0
45	48	0	0	0	0
45	49	4.61209e-06	0.000526289	7.78548e-10	0
45	50	6.25525e-07	7.13751e-05	1.41472e-10	0
45	51	1.62646e-09	1.85594e-07	2.95243e-13	0
45	52	7.16814e-09	8.17965e-07	1.18543e-12	0
45	53	1.02216e-07	1.16608e-05	4.50108e-11	0
45	54	0	0	0	0
45	55	0	0	0	0
45	56	0	0	0	0
45	57	2.48825e-11	2.83947e-09	3.22036e-15	0
45	58	1.5825e-09	1.80577e-07	2.92317e-13	0
45	59	0	0	0	0
45	60	0	0	0	0
45	61	2.92845e-09	3.34182e-07	3.71748e-13	0
45	62	4.6109e-13	5.26175e-11	5.88978e-17	0
45	63	7.13678e-12	8.14452e-10	6.03421e-16	0
45	64	2.09049e-09	2.38563e-07	2.19637e-13	0
45	65	0	0	0	0
45	66	0	0	0	0
45	67	0	0	0	0
45	68	1.88619e-06	0.00021525	1.81472e-10	0
45	69	9.33693e-07	0.000106552	9.22472e-11	0
45	70	6.90711e-06	0.000788231	6.76826e-10	0
45	71	0.00259568	0.296216	2.53766e-07	9.40836e-07
45	72	6.26015e-06	0.0007144	6.28434e-10	0
45	73	1.97051e-05	0.0022487	2.14033e-09	7.24282e-09
45	74	0.000753454	0.0859838	6.92844e-08	2.64226e-07
45	75	1.99441e-06	0.000227601	1.83766e-10	0
45	76	0	0	0	0
45	77	0	0	0	0
45	78	4.56431e-08	5.20886e-06	3.36136e-12	0
45	79	0	0	0	0
45	80	0	0	0	0
45	81	2.47979e-08	2.83004e-06	1.27312e-12	0
45	82	0	0	0	0
45	83	0	0	0	0
45	84	1.7062e-08	1.94722e-06	5.80481e-13	0
45	85	0	0	0	0
45	86	0	0	0	0
45	87	1.20236e-08	1.37221e-06	3.91448e-13	0
45	88	0	0	0	0
45	89	0	0	0	0
46	47	0	0	0	0
46	48	0	0	0	0
46	49	0	0	0	0
46	50	0	0	0	0
46	51	8.95519e-08	1.0217e-05	3.15697e-11	0
46	52	1.97921e-07	2.25782e-05	9.24027e-11	0
46	53	0	0	0	0
46	54	0	0	0	0
46	55	0	0	0	0
46	56	0	0	0	0
46	57	1.61799e-09	1.84628e-07	3.00861e-13	0
46	58	0	0	0	0
46	59	0	0	0	0
46	60	0	0	0	0
46	61	0	0	0	0
46	62	7.42085e-12	8.46851e-10	7.93785e-16	0
46	63	2.34697e-09	2.6782e-07	3.57144e-13	0
46	64	0	0	0	0
46	65	0	0	0	0
46	66	0	0	0	0
46	67	0	0	0	0
46	68	0	0	0	0
46	69	0	0	0	0
46	70	0	0	0	0
46	71	0	0	0	0
46	72	0	0	0	0
46	73	0.000763884	0.0871732	7.80663e-08	2.75153e-07
46	74	0	0	0	0
46	75	0	0	0	0
46	76	0	0	0	0
46	77	0	0	0	0
46	78	0	0	0	0
46	79	0	0	0	0
46	80	0	0	0	0
46	81	0	0	0	0
46	82	0	0	0	0
46	83	0	0	0	0
46	84	0	0	0	0
46	85	0	0	0	0
46	86	0	0	0	0
46	87	0	0	0	0
46	88	0	0	0	0
46	89	0	0	0	0
47	48	0	0	0	0
47	49	0	0	0	0
47	50	0	0	0	0
47	51	2.23738e-07	2.54631e-05	6.36904e-10	0
47	52	0	0	0	0
47	53	0	0	0	0
47	54	0	0	0	0
47	55	0	0	0	0
47	56	0	0	0	0
47	57	3.09354e-09	3.52622e-07	3.918e-12	0
47	58	0	0	0	0
47	59	0	0	0	0
47	60	0	0	0	0
47	61	0	0	0	0
47	62	2.34607e-09	2.67713e-07	3.90349e-13	0
47	63	0	0	0	0
47	64	0	0	0	0
47	65	0	0	0	0
47	66	0	0	0	0
47	67	0	0	0	0
47	68	0	0	0	0
47	69	0	0	0	0
47	70	0	0	0	0
47	71	0	0	0	0
47	72	0	0	0	0
47	73	0	0	0	0
47	74	0	0	0	0
47	75	0	0	0	0
47	76	0	0	0	0
47	77	0	0	0	0
47	78	0	0	0	0
47	79	0	0	0	0
47	80	0	0	0	0
47	81	0	0	0	0
47	82	0	0	0	0
47	83	0	0	0	0
47	84	0	0	0	0
47	85	0	0	0	0
47	86	0	0	0	0
47	87	0	0	0	0
47	88	0	0	0	0
47	89	0	0	0	0
48	49	0	0	0	0
48	50	0	0	0	0
48	51	0	0	0	0
48	52	0	0	0	0
48	53	0	0	0	0
48	54	0	0	0	0
48	55	2.03009e-09	2.24585e-07	6.28313e-11	0
48	56	2.84534e-09	3.23802e-07	8.28155e-12	0
48	57	0	0	0	0
48	58	0	0	0	0
48	59	0	0	0	0
48	60	0	0	0	0
48	61	0	0	0	0
48	62	0	0	0	0
48	63	0	0	0	0
48	64	0	0	0	0
48	65	0	0	0	0
48	66	5.48518e-09	4.20019e-07	1.82095e-09	1.82145e-09
48	67	0	0	0	0
48	68	0	0	0	0
48	69	0	0	0	0
48	70	0	0	0	0
48	71	0	0	0	0
48	72	0	0	0	0
48	73	0	0	0	0
48	74	0	0	0	0
48	75	0	0	0	0
48	76	0	0	0	0
48	77	0	0	0	0
48	78	0	0	0	0
48	79	0	0	0	0
48	80	0	0	0	0
48	81	0	0	0	0
48	82	0	0	0	0
48	83	0	0	0	0
48	84	0	0	0	0
48	85	0	0	0	0
48	86	0	0	0	0
48	87	0	0	0	0
48	88	0	0	0	0
48	89	0	0	0	0
49	50	0	0	0	0
49	51	0	0	0	0
49	52	0	0	0	0
49	53	0	0	0	0
49	54	2.16663e-09	2.23106e-07	2.1366e-10	0
49	55	0	0	0	0
49	56	0	0	0	0
49	57	0	0	0	0
49	58	0	0	0	0
49	59	0	0	0	0
49	60	0	0	0	0
49	61	0	0	0	0
49	62	0	0	0	0
49	63	0	0	0	0
49	64	0	0	0	0
49	65	5.03906e-09	3.29449e-07	2.17147e-09	2.17152e-09
49	66	0	0	0	0
49	67	0	0	0	0
49	68	0	0	0	0
49	69	0	0	0	0
49	70	0	0	0	0
49	71	0	0	0	0
49	72	0	0	0	0
49	73	0	0	0	0
49	74	0	0	0	0
49	75	0	0	0	0
49	76	0	0	0	0
49	77	0	0	0	0
49	78	0	0	0	0
49	79	0	0	0	0
49	80	0	0	0	0
49	81	0	0	0	0
49	82	0	0	0	0
49	83	0	0	0	0
49	84	0	0	0	0
49	85	0	0	0	0
49	86	0	0	0	0
49	87	0	0	0	0
49	88	0	0	0	0
49	89	0	0	0	0
50	51	0	0	0	0
50	52	0	0	0	0
50	53	0	0	0	0
50	54	0	0	0	0
50	55	0	0	0	0
50	56	0	0	0	0
50	57	0	0	0	0
50	58	0	0	0	0
50	59	0	0	0	0
50	60	0	0	0	0
50	61	0	0	0	0
50	62	0	0	0	0
50	63	0	0	0	0
50	64	0	0	0	0
50	65	0	0	0	0
50	66	0	0	0	0
50	67	0	0	0	0
50	68	0	0	0	0
50	69	0	0	0	0
50	70	0	0	0	0
50	71	0	0	0	0
50	72	0	0	0	0
50	73	0	0	0	0
50	74	0	0	0	0
50	75	0	0	0	0
50	76	0	0	0	0
50	77	0	0	0	0
50	78	0	0	0	0
50	79	0	0	0	0
50	80	0	0	0	0
50	81	0	0	0	0
50	82	0	0	0	0
50	83	0	0	0	0
50	84	0	0	0	0
50	85	0	0	0	0
50	86	0	0	0	0
50	87	0	0	0	0
50	88	0	0	0	0
50	89	0	0	0	0
51	52	0	0	0	0
51	53	0	0	0	0
51	54	0	0	0	0
51	55	0	0	0	0
51	56	0	0	0	0
51	57	0	0	0	0
51	58	0	0	0	0
51	59	0	0	0	0
51	60	0	0	0	0
51	61	0	0	0	0
51	62	0	0	0	0
51	63	0	0	0	0
51	64	0	0	0	0
51	65	0	0	0	0
51	66	5.35226e-06	1.45336e-05	5.2711e-06	5.27112e-06
51	67	0.997581	0.996554	0.99759	0.99759
51	68	0	0	0	0
51	69	0	0	0	0
51	70	0	0	0	0
51	71	0	0	0	0
51	72	0	0	0	0
51	73	0	0	0	0
51	74	0	0	0	0
51	75	0	0	0	0
51	76	0	0	0	0
51	77	0	0	0	0
51	78	0	0	0	0
51	79	0	0	0	0
51	80	0	0	0	0
51	81	0	0	0	0
51	82	0	0	0	0
51	83	0	0	0	0
51	84	0	0	0	0
51	85	0	0	0	0
51	86	0	0	0	0
51	87	0	0	0	0
51	88	0	0	0	0
51	89	0	0	0	0
52	53	0	0	0	0
52	54	0	0	0	0
52	55	0	0	0	0
52	56	0	0	0	0
52	57	0	0	0	0
52	58	0	0	0	0
52	59	0	0	0	0
52	60	0	0	0	0
52	61	0	0	0	0
52	62	0	0	0	0
52	63	0	0	0	0
52	64	0	0	0	0
52	65	1.54235e-06	4.09066e-06	1.51982e-06	1.51983e-06
52	66	0.999313	0.998985	0.999316	0.999316
52	67	0	0	0	0
52	68	0	0	0	0
52	69	0	0	0	0
52	70	0	0	0	0
52	71	0	0	0	0
52	72	0	0	0	0
52	73	0	0	0	0
52	74	0	0	0	0
52	75	0	0	0	0
52	76	0	0	0	0
52	77	0	0	0	0
52	78	0	0	0	0
52	79	0	0	0	0
52	80	0	0	0	0
52	81	0	0	0	0
52	82	0	0	0	0
52	83	0	0	0	0
52	84	0	0	0	0
52	85	0	0	0	0
52	86	0	0	0	0
52	87	0	0	0	0
52	88	0	0	0	0
52	89	0	0	0	0
53	54	0	0	0	0
53	55	0	0	0	0
53	56	0	0	0	0
53	57	0	0	0	0
53	58	0	0	0	0
53	59	0	0	0	0
53	60	3.61102e-10	9.98306e-10	3.55469e-10	0
53	61	0	0	0	0
53	62	0	0	0	0
53	63	0	0	0	0
53	64	0	0	0	0
53	65	0.998843	0.998539	0.998846	0.998846
53	66	0	0	0	0
53	67	0	0	0	0
53	68	0	0	0	0
53	69	0	0	0	0
53	70	0	0	0	0
53	71	0	0	0	0
53	72	0	0	0	0
53	73	0	0	0	0
53	74	0	0	0	0
53	75	0	0	0	0
53	76	0	0	0	0
53	77	0	0	0	0
53	78	0	0	0	0
53	79	0	0	0	0
53	80	0	0	0	0
53	81	0	0	0	0
53	82	0	0	0	0
53	83	0	0	0	0
53	84	0	0	0	0
53	85	0	0	0	0
53	86	0	0	0	0
53	87	0	0	0	0
53	88	0	0	0	0
53	89	0	0	0	0
54	55	0	0	0	0
54	56	0	0	0	0
54	57	0	0	0	0
54	58	0	0	0	0
54	59	5.29791e-10	1.26038e-09	5.23333e-10	0
54	60	0	0	0	0
54	61	0	0	0	0
54	62	0	0	0	0
54	63	7.96301e-07	8.02126e-07	7.96249e-07	7.96249e-07
54	64	0.998849	0.99857	0.998851	0.998851
54	65	0	0	0	0
54	66	0	0	0	0
54	67	0	0	0	0
54	68	0	0	0	0
54	69	0	0	0	0
54	70	0	0	0	0
54	71	0	0	0	0
54	72	0	0	0	0
54	73	0	0	0	0
54	74	2.55304e-10	6.28741e-10	2.52003e-10	0
54	75	0	0	0	0
54	76	0	0	0	0
54	77	0	0	0	0
54	78	0	0	0	0
54	79	0	0	0	0
54	80	0	0	0	0
54	81	0	0	0	0
54	82	0	0	0	0
54	83	0	0	0	0
54	84	0	0	0	0
54	85	0	0	0	0
54	86	0	0	0	0
54	87	0	0	0	0
54	88	0	0	0	0
54	89	0	0	0	0
55	56	0	0	0	0
55	57	0	0	0	0
55	58	0	0	0	0
55	59	0	0	0	0
55	60	0	0	0	0
55	61	0	0	0	0
55	62	2.73068e-06	2.74925e-06	2.73052e-06	2.73052e-06
55	63	0.999336	0.999073	0.999339	0.999339
55	64	0	0	0	0
55	65	0	0	0	0
55	66	0	0	0	0
55	67	0	0	0	0
55	68	0	0	0	0
55	69	0	0	0	0
55	70	0	0	0	0
55	71	0	0	0	0
55	72	0	0	0	0
55	73	2.65227e-10	9.55261e-10	2.59128e-10	0
55	74	0	0	0	0
55	75	0	0	0	0
55	76	0	0	0	0
55	77	0	0	0	0
55	78	0	0	0	0
55	79	0	0	0	0
55	80	0	0	0	0
55	81	0	0	0	0
55	82	0	0	0	0
55	83	0	0	0	0
55	84	0	0	0	0
55	85	0	0	0	0
55	86	0	0	0	0
55	87	0	0	0	0
55	88	0	0	0	0
55	89	0	0	0	0
56	57	0	0	0	0
56	58	0	0	0	0
56	59	0	0	0	0
56	60	0	0	0	0
56	61	0	0	0	0
56	62	0.998999	0.998736	0.999001	0.999001
56	63	0	0	0	0
56	64	0	0	0	0
56	65	0	0	0	0
56	66	0	0	0	0
56	67	0	0	0	0
56	68	0	0	0	0
56	69	0	0	0	0
56	70	0	0	0	0
56	71	0	0	0	0
56	72	0	0	0	0
56	73	0	0	0	0
56	74	0	0	0	0
56	75	0	0	0	0
56	76	0	0	0	0
56	77	0	0	0	0
56	78	0	0	0	0
56	79	0	0	0	0
56	80	0	0	0	0
56	81	0	0	0	0
56	82	0	0	0	0
56	83	0	0	0	0
56	84	0	0	0	0
56	85	0	0	0	0
56	86	0	0	0	0
56	87	0	0	0	0
56	88	0	0	0	0
56	89	0	0	0	0
57	58	0	0	0	0
57	59	0	0	0	0
57	60	0	0	0	0
57	61	0	0	0	0
57	62	0	0	0	0
57	63	0	0	0	0
57	64	0	0	0	0
57	65	0	0	0	0
57	66	1.2122e-08	1.83959e-07	1.0603e-08	1.03273e-08
57	67	0	0	0	0
57	68	0	0	0	0
57	69	0	0	0	0
57	70	0	0	0	0
57	71	0	0	0	0
57	72	0	0	0	0
57	73	0	0	0	0
57	74	0	0	0	0
57	75	0	0	0	0
57	76	0	0	0	0
57	77	0	0	0	0
57	78	0	0	0	0
57	79	0	0	0	0
57	80	0	0	0	0
57	81	0	0	0	0
57	82	0	0	0	0
57	83	0	0	0	0
57	84	0	0	0	0
57	85	0	0	0	0
57	86	0	0	0	0
57	87	0	0	0	0
57	88	0	0	0	0
57	89	0	0	0	0
58	59	0	0	0	0
58	60	0	0	0	0
58	61	0	0	0	0
58	62	0	0	0	0
58	63	0	0	0	0
58	64	0	0	0	0
58	65	1.19636e-08	1.81572e-07	1.04643e-08	1.01984e-08
58	66	0	0	0	0
58	67	0	0	0	0
58	68	0	0	0	0
58	69	0	0	0	0
58	70	0	0	0	0
58	71	0	0	0	0
58	72	0	0	0	0
58	73	0	0	0	0
58	74	0	0	0	0
58	75	0	0	0	0
58	76	0	0	0	0
58	77	0	0	0	0
58	78	0	0	0	0
58	79	0	0	0	0
58	80	0	0	0	0
58	81	0	0	0	0
58	82	0	0	0	0
58	83	0	0	0	0
58	84	0	0	0	0
58	85	0	0	0	0
58	86	0	0	0	0
58	87	0	0	0	0
58	88	0	0	0	0
58	89	0	0	0	0
59	60	0	0	0	0
59	61	0	0	0	0
59	62	0	0	0	0
59	63	0	0	0	0
59	64	0	0	0	0
59	65	9.17634e-11	1.53449e-09	7.90105e-11	0
59	66	0	0	0	0
59	67	0	0	0	0
59	68	0	0	0	0
59	69	0	0	0	0
59	70	0	0	0	0
59	71	0	0	0	0
59	72	0	0	0	0
59	73	0	0	0	0
59	74	0	0	0	0
59	75	0	0	0	0
59	76	0	0	0	0
59	77	9.25615e-10	1.6011e-08	7.9227e-10	0
59	78	0	0	0	0
59	79	0	0	0	0
59	80	2.64925e-09	4.75357e-08	2.25249e-09	2.22762e-09
59	81	0	0	0	0
59	82	0	0	0	0
59	83	3.82063e-10	7.14863e-09	3.22251e-10	0
59	84	0	0	0	0
59	85	0	0	0	0
59	86	2.23137e-10	4.66801e-09	1.83847e-10	0
59	87	0	0	0	0
59	88	0	0	0	0
59	89	1.55978e-11	3.63631e-10	1.25214e-11	0
60	61	0	0	0	0
60	62	0	0	0	0
60	63	0	0	0	0
60	64	1.45044e-10	1.90294e-09	1.29505e-10	0
60	65	0	0	0	0
60	66	0	0	0	0
60	67	0	0	0	0
60	68	0	0	0	0
60	69	0	0	0	0
60	70	0	0	0	0
60	71	0	0	0	0
60	72	0	0	0	0
60	73	0	0	0	0
60	74	0	0	0	0
60	75	0	0	0	0
60	76	8.77252e-10	1.51848e-08	7.50782e-10	0
60	77	0	0	0	0
60	78	0	0	0	0
60	79	2.4987e-09	4.48648e-08	2.12421e-09	2.10065e-09
60	80	0	0	0	0
60	81	0	0	0	0
60	82	3.6016e-10	6.74339e-09	3.03736e-10	0
60	83	0	0	0	0
60	84	0	0	0	0
60	85	2.10421e-10	4.40418e-09	1.73351e-10	0
60	86	0	0	0	0
60	87	0	0	0	0
60	88	1.52276e-11	3.55456e-10	1.22202e-11	0
60	89	0	0	0	0
61	62	0	0	0	0
61	63	0	0	0	0
61	64	0	0	0	0
61	65	0	0	0	0
61	66	0	0	0	0
61	67	0	0	0	0
61	68	0	0	0	0
61	69	0	0	0	0
61	70	0	0	0	0
61	71	0	0	0	0
61	72	0	0	0	0
61	73	0	0	0	0
61	74	0	0	0	0
61	75	0	0	0	0
61	76	0	0	0	0
61	77	0	0	0	0
61	78	0	0	0	0
61	79	0	0	0	0
61	80	0	0	0	0
61	81	0	0	0	0
61	82	0	0	0	0
61	83	0	0	0	0
61	84	0	0	0	0
61	85	0	0	0	0
61	86	0	0	0	0
61	87	0	0	0	0
61	88	0	0	0	0
61	89	0	0	0	0
62	63	0	0	0	0
62	64	0	0	0	0
62	65	0	0	0	0
62	66	0	0	0	0
62	67	0	0	0	0
62	68	0	0	0	0
62	69	0	0	0	0
62	70	0	0	0	0
62	71	0	0	0	0
62	72	0	0	0	0
62	73	0	0	0	0
62	74	0	0	0	0
62	75	0	0	0	0
62	76	0	0	0	0
62	77	0	0	0	0
62	78	0	0	0	0
62	79	0	0	0	0
62	80	0	0	0	0
62	81	0	0	0	0
62	82	0	0	0	0
62	83	0	0	0	0
62	84	0	0	0	0
62	85	0	0	0	0
62	86	0	0	0	0
62	87	0	0	0	0
62	88	0	0	0	0
62	89	0	0	0	0
63	64	0	0	0	0
63	65	0	0	0	0
63	66	0	0	0	0
63	67	0	0	0	0
63	68	0	0	0	0
63	69	0	0	0	0
63	70	0	0	0	0
63	71	0	0	0	0
63	72	0	0	0	0
63	73	0	0	0	0
63	74	0	0	0	0
63	75	0	0	0	0
63	76	0	0	0	0
63	77	0	0	0	0
63	78	0	0	0	0
63	79	0	0	0	0
63	80	0	0	0	0
63	81	0	0	0	0
63	82	0	0	0	0
63	83	0	0	0	0
63	84	0	0	0	0
63	85	0	0	0	0
63	86	0	0	0	0
63	87	0	0	0	0
63	88	0	0	0	0
63	89	0	0	0	0
64	65	0	0	0	0
64	66	0	0	0	0
64	67	0	0	0	0
64	68	0	0	0	0
64	69	0	0	0	0
64	70	0	0	0	0
64	71	0	0	0	0
64	72	0	0	0	0
64	73	0	0	0	0
64	74	0	0	0	0
64	75	0	0	0	0
64	76	0	0	0	0
64	77	0	0	0	0
64	78	0	0	0	0
64	79	0	0	0	0
64	80	0	0	0	0
64	81	0	0	0	0
64	82	0	0	0	0
64	83	0	0	0	0
64	84	0	0	0	0
64	85	0	0	0	0
64	86	0	0	0	0
64	87	0	0	0	0
64	88	0	0	0	0
64	89	0	0	0	0
65	66	0	0	0	0
65	67	0	0	0	0
65	68	0	0	0	0
65	69	0	0	0	0
65	70	0	0	0	0
65	71	0	0	0	0
65	72	0	0	0	0
65	73	0	0	0	0
65	74	5.18947e-07	2.05786e-06	5.05344e-07	5.04844e-07
65	75	0	0	0	0
65	76	0	0	0	0
65	77	0	0	0	0
65	78	0	0	0	0
65	79	0	0	0	0
65	80	0	0	0	0
65	81	0	0	0	0
65	82	0	0	0	0
65	83	0	0	0	0
65	84	0	0	0	0
65	85	0	0	0	0
65	86	0	0	0	0
65	87	0	0	0	0
65	88	0	0	0	0
65	89	0	0	0	0
66	67	0	0	0	0
66	68	0	0	0	0
66	69	0	0	0	0
66	70	0	0	0	0
66	71	0	0	0	0
66	72	0	0	0	0
66	73	9.75824e-07	2.77061e-06	9.59959e-07	9.59412e-07
66	74	0	0	0	0
66	75	0	0	0	0
66	76	0	0	0	0
66	77	0	0	0	0
66	78	0	0	0	0
66	79	0	0	0	0
66	80	0	0	0	0
66	81	0	0	0	0
66	82	0	0	0	0
66	83	0	0	0	0
66	84	0	0	0	0
66	85	0	0	0	0
66	86	0	0	0	0
66	87	0	0	0	0
66	88	0	0	0	0
66	89	0	0	0	0
67	68	0	0	0	0
67	69	0	0	0	0
67	70	0	0	0	0
67	71	0	0	0	0
67	72	0	0	0	0
67	73	0	0	0	0
67	74	0	0	0	0
67	75	0	0	0	0
67	76	0	0	0	0
67	77	0	0	0	0
67	78	0	0	0	0
67	79	0	0	0	0
67	80	0	0	0	0
67	81	0	0	0	0
67	82	0	0	0	0
67	83	0	0	0	0
67	84	0	0	0	0
67	85	0	0	0	0
67	86	0	0	0	0
67	87	0	0	0	0
67	88	0	0	0	0
67	89	0	0	0	0
68	69	0	0	0	0
68	70	0	0	0	0
68	71	0	0	0	0
68	72	0	0	0	0
68	73	0	0	0	0
68	74	0	0	0	0
68	75	0	0	0	0
68	76	0	0	0	0
68	77	0	0	0	0
68	78	0	0	0	0
68	79	0	0	0	0
68	80	0	0	0	0
68	81	0	0	0	0
68	82	0	0	0	0
68	83	0	0	0	0
68	84	0	0	0	0
68	85	0	0	0	0
68	86	0	0	0	0
68	87	0	0	0	0
68	88	0	0	0	0
68	89	0	0	0	0
69	70	0	0	0	0
69	71	0	0	0	0
69	72	0	0	0	0
69	73	0	0	0	0
69	74	0	0	0	0
69	75	0	0	0	0
69	76	0	0	0	0
69	77	0	0	0	0
69	78	0	0	0	0
69	79	0	0	0	0
69	80	0	0	0	0
69	81	0	0	0	0
69	82	0	0	0	0
69	83	0	0	0	0
69	84	0	0	0	0
69	85	0	0	0	0
69	86	0	0	0	0
69	87	0	0	0	0
69	88	0	0	0	0
69	89	0	0	0	0
70	71	0	0	0	0
70	72	0	0	0	0
70	73	0	0	0	0
70	74	0	0	0	0
70	75	0	0	0	0
70	76	0	0	0	0
70	77	0	0	0	0
70	78	0	0	0	0
70	79	0	0	0	0
70	80	0	0	0	0
70	81	0	0	0	0
70	82	0	0	0	0
70	83	0	0	0	0
70	84	0	0	0	0
70	85	0	0	0	0
70	86	0	0	0	0
70	87	0	0	0	0
70	88	0	0	0	0
70	89	0	0	0	0
71	72	0	0	0	0
71	73	0	0	0	0
71	74	0	0	0	0
71	75	0	0	0	0
71	76	0	0	0	0
71	77	0	0	0	0
71	78	0	0	0	0
71	79	0	0	0	0
71	80	0	0	0	0
71	81	0	0	0	0
71	82	0	0	0	0
71	83	0	0	0	0
71	84	0	0	0	0
71	85	0	0	0	0
71	86	0	0	0	0
71	87	0	0	0	0
71	88	0	0	0	0
71	89	0	0	0	0
72	73	0	0	0	0
72	74	0	0	0	0
72	75	0	0	0	0
72	76	0	0	0	0
72	77	0	0	0	0
72	78	0	0	0	0
72	79	0	0	0	0
72	80	0	0	0	0
72	81	0	0	0	0
72	82	0	0	0	0
72	83	0	0	0	0
72	84	0	0	0	0
72	85	0	0	0	0
72	86	0	0	0	0
72	87	0	0	0	0
72	88	0	0	0	0
72	89	0	0	0	0
73	74	0	0	0	0
73	75	0	0	0	0
73	76	0	0	0	0
73	77	0	0	0	0
73	78	0	0	0	0
73	79	0	0	0	0
73	80	0	0	0	0
73	81	0	0	0	0
73	82	0	0	0	0
73	83	0	0	0	0
73	84	0	0	0	0
73	85	0	0	0	0
73	86	0	0	0	0
73	87	0	0	0	0
73	88	0	0	0	0
73	89	0	0	0	0
74	75	0	0	0	0
74	76	0	0	0	0
74	77	0	0	0	0
74	78	0	0	0	0
74	79	0	0	0	0
74	80	0	0	0	0
74	81	0	0	0	0
74	82	0	0	0	0
74	83	0	0	0	0
74	84	0	0	0	0
74	85	0	0	0	0
74	86	0	0	0	0
74	87	0	0	0	0
74	88	0	0	0	0
74	89	0	0	0	0
75	76	0	0	0	0
75	77	0	0	0	0
75	78	0	0	0	0
75	79	0	0	0	0
75	80	0	0	0	0
75	81	0	0	0	0
75	82	0	0	0	0
75	83	0	0	0	0
75	84	0	0	0	0
75	85	0	0	0	0
75	86	0	0	0	0
75	87	0	0	0	0
75	88	0	0	0	0
75	89	0	0	0	0
76	77	0	0	0	0
76	78	0	0	0	0
76	79	0	0	0	0
76	80	0	0	0	0
76	81	0	0	0	0
76	82	0	0	0	0
76	83	0	0	0	0
76	84	0	0	0	0
76	85	0	0	0	0
76	86	0	0	0	0
76	87	0	0	0	0
76	88	0	0	0	0
76	89	0	0	0	0
77	78	0	0	0	0
77	79	0	0	0	0
77	80	0	0	0	0
77	81	0	0	0	0
77	82	0	0	0	0
77	83	0	0	0	0
77	84	0	0	0	0
77	85	0	0	0	0
77	86	0	0	0	0
77	87	0	0	0	0
77	88	0	0	0	0
77	89	0	0	0	0
78	79	0	0	0	0
78	80	0	0	0	0
78	81	0	0	0	0
78	82	0	0	0	0
78	83	0	0	0	0
78	84	0	0	0	0
78	85	0	0	0	0
78	86	0	0	0	0
78	87	0	0	0	0
78	88	0	0	0	0
78	89	0	0	0	0
79	80	0	0	0	0
79	81	0	0	0	0
79	82	0	0	0	0
79	83	0	0	0	0
79	84	0	0	0	0
79	85	0	0	0	0
79	86	0	0	0	0
79	87	0	0	0	0
79	88	0	0	0	0
79	89	0	0	0	0
80	81	0	0	0	0
80	82	0	0	0	0
80	83	0	0	0	0
80	84	0	0	0	0
80	85	0	0	0	0
80	86	0	0	0	0
80	87	0	0	0	0
80	88	0	0	0	0
80	89	0	0	0	0
81	82	0	0	0	0
81	83	0	0	0	0
81	84	0	0	0	0
81	85	0	0	0	0
81	86	0	0	0	0
81	87	0	0	0	0
81	88	0	0	0	0
81	89	0	0	0	0
82	83	0	0	0	0
82	84	0	0	0	0
82	85	0	0	0	0
82	86	0	0	0	0
82	87	0	0	0	0
82	88	0	0	0	0
82	89	0	0	0	0
83	84	0	0	0	0
83	85	0	0	0	0
83	86	0	0	0	0
83	87	0	0	0	0
83	88	0	0	0	0
83	89	0	0	0	0
84	85	0	0	0	0
84	86	0	0	0	0
84	87	0	0	0	0
84	88	0	0	0	0
84	89	0	0	0	0
85	86	0	0	0	0
85	87	0	0	0	0
85	88	0	0	0	0
85	89	0	0	0	0
86	87	0	0	0	0
86	88	0	0	0	0
86	89	0	0	0	0
87	88	0	0	0	0
87	89	0	0	0	0
88	89	0	0	0	0
